trial0005001, AA, 587.0, 12, 48.92, 2.17, 0.00000926, 0.00000253, ZIC, 59.0, 8, 7.38, 0.38, 0.00000630, 0.00000034
trial0005002, AA, 516.25, 12, 43.02, 1.92, 0.00000992, 0.00000234, ZIC, 73.0, 8, 9.12, 0.25, 0.00000711, 0.00000032
trial0005003, AA, 518.0, 12, 43.17, 1.33, 0.00001066, 0.00000272, ZIC, 150.0, 8, 18.75, 0.62, 0.00000790, 0.00000034
trial0005004, AA, 516.5, 12, 43.04, 2.50, 0.00000900, 0.00000235, ZIC, 187.0, 8, 23.38, 0.75, 0.00000667, 0.00000031
trial0005005, AA, 304.25, 12, 25.35, 0.92, 0.00000851, 0.00000226, ZIC, 150.0, 8, 18.75, 0.75, 0.00000660, 0.00000031
trial0005006, AA, 483.5, 12, 40.29, 1.92, 0.00000911, 0.00000243, ZIC, 91.5, 8, 11.44, 0.62, 0.00000654, 0.00000029
trial0005007, AA, 548.75, 12, 45.73, 2.00, 0.00000907, 0.00000243, ZIC, 119.25, 8, 14.91, 0.50, 0.00000679, 0.00000031
trial0005008, AA, 215.0, 12, 17.92, 0.67, 0.00000881, 0.00000219, ZIC, 85.0, 8, 10.62, 0.62, 0.00000660, 0.00000029
trial0005009, AA, 567.0, 12, 47.25, 1.83, 0.00000871, 0.00000236, ZIC, 108.0, 8, 13.50, 0.50, 0.00000623, 0.00000031
trial0005010, AA, 691.75, 12, 57.65, 2.33, 0.00000871, 0.00000233, ZIC, 36.0, 8, 4.50, 0.25, 0.00000652, 0.00000031
trial0005011, AA, 585.0, 12, 48.75, 2.00, 0.00000924, 0.00000258, ZIC, 192.0, 8, 24.00, 1.00, 0.00000664, 0.00000033
trial0005012, AA, 851.0, 12, 70.92, 3.50, 0.00001002, 0.00000277, ZIC, 128.0, 8, 16.00, 0.62, 0.00000718, 0.00000035
trial0005013, AA, 630.5, 12, 52.54, 2.42, 0.00000863, 0.00000250, ZIC, 47.0, 8, 5.88, 0.38, 0.00000629, 0.00000031
trial0005014, AA, 532.0, 12, 44.33, 2.17, 0.00000930, 0.00000246, ZIC, 99.0, 8, 12.38, 0.38, 0.00000650, 0.00000031
trial0005015, AA, 285.5, 12, 23.79, 1.00, 0.00000906, 0.00000314, ZIC, 39.5, 8, 4.94, 0.38, 0.00000731, 0.00000032
trial0005016, AA, 430.5, 12, 35.88, 1.92, 0.00001012, 0.00000278, ZIC, 125.0, 8, 15.62, 0.50, 0.00000781, 0.00000037
trial0005017, AA, 406.0, 12, 33.83, 1.83, 0.00000983, 0.00000253, ZIC, 105.0, 8, 13.12, 0.50, 0.00000674, 0.00000030
trial0005018, AA, 217.75, 12, 18.15, 1.42, 0.00000891, 0.00000235, ZIC, 27.0, 8, 3.38, 0.38, 0.00000638, 0.00000031
trial0005019, AA, 621.0, 12, 51.75, 2.08, 0.00000924, 0.00000246, ZIC, 36.0, 8, 4.50, 0.25, 0.00000708, 0.00000034
trial0005020, AA, 309.0, 12, 25.75, 1.50, 0.00000927, 0.00000242, ZIC, 163.5, 8, 20.44, 0.50, 0.00000673, 0.00000037
trial0005021, AA, 597.5, 12, 49.79, 2.50, 0.00001048, 0.00000281, ZIC, 103.0, 8, 12.88, 0.62, 0.00000748, 0.00000033
trial0005022, AA, 513.0, 12, 42.75, 2.08, 0.00000944, 0.00000243, ZIC, 68.0, 8, 8.50, 0.38, 0.00000647, 0.00000031
trial0005023, AA, 296.25, 12, 24.69, 1.17, 0.00000915, 0.00000226, ZIC, 57.5, 8, 7.19, 0.25, 0.00000654, 0.00000032
trial0005024, AA, 504.5, 12, 42.04, 1.92, 0.00000880, 0.00000236, ZIC, 106.0, 8, 13.25, 0.75, 0.00000665, 0.00000032
trial0005025, AA, 579.5, 12, 48.29, 2.25, 0.00000918, 0.00000234, ZIC, 35.0, 8, 4.38, 0.50, 0.00000609, 0.00000033
trial0005026, AA, 179.0, 12, 14.92, 0.83, 0.00000931, 0.00000227, ZIC, 81.5, 8, 10.19, 0.38, 0.00000636, 0.00000032
trial0005027, AA, 438.5, 12, 36.54, 1.42, 0.00000886, 0.00000233, ZIC, 94.5, 8, 11.81, 0.50, 0.00000623, 0.00000032
trial0005028, AA, 801.5, 12, 66.79, 2.33, 0.00000896, 0.00000260, ZIC, 81.5, 8, 10.19, 0.50, 0.00000627, 0.00000031
trial0005029, AA, 320.0, 12, 26.67, 1.25, 0.00000887, 0.00000235, ZIC, 88.5, 8, 11.06, 0.38, 0.00000641, 0.00000034
trial0005030, AA, 372.5, 12, 31.04, 1.25, 0.00000866, 0.00000228, ZIC, 123.5, 8, 15.44, 0.50, 0.00000626, 0.00000034
trial0005031, AA, 274.0, 12, 22.83, 1.00, 0.00000889, 0.00000211, ZIC, 57.0, 8, 7.12, 0.50, 0.00000637, 0.00000031
trial0005032, AA, 410.5, 12, 34.21, 1.92, 0.00000811, 0.00000219, ZIC, 153.5, 8, 19.19, 0.75, 0.00000605, 0.00000030
trial0005033, AA, 470.0, 12, 39.17, 1.67, 0.00000821, 0.00000224, ZIC, 70.0, 8, 8.75, 0.38, 0.00000597, 0.00000030
trial0005034, AA, 698.5, 12, 58.21, 2.25, 0.00000861, 0.00000224, ZIC, 108.0, 8, 13.50, 0.75, 0.00000610, 0.00000034
trial0005035, AA, 197.5, 12, 16.46, 0.92, 0.00000807, 0.00000189, ZIC, 69.5, 8, 8.69, 0.50, 0.00000590, 0.00000029
trial0005036, AA, 516.5, 12, 43.04, 2.33, 0.00000852, 0.00000227, ZIC, 126.0, 8, 15.75, 0.75, 0.00000640, 0.00000034
trial0005037, AA, 572.25, 12, 47.69, 1.75, 0.00000845, 0.00000231, ZIC, 98.0, 8, 12.25, 0.50, 0.00000603, 0.00000029
trial0005038, AA, 321.0, 12, 26.75, 1.50, 0.00000859, 0.00000232, ZIC, 100.0, 8, 12.50, 0.75, 0.00000627, 0.00000033
trial0005039, AA, 853.0, 12, 71.08, 3.50, 0.00000871, 0.00000225, ZIC, 96.75, 8, 12.09, 0.75, 0.00000636, 0.00000037
trial0005040, AA, 581.5, 12, 48.46, 2.50, 0.00000873, 0.00000298, ZIC, 24.5, 8, 3.06, 0.25, 0.00000613, 0.00000032
trial0005041, AA, 767.25, 12, 63.94, 3.08, 0.00000872, 0.00000233, ZIC, 70.0, 8, 8.75, 0.38, 0.00000623, 0.00000032
trial0005042, AA, 559.25, 12, 46.60, 2.58, 0.00000885, 0.00000263, ZIC, 103.0, 8, 12.88, 0.62, 0.00000639, 0.00000029
trial0005043, AA, 644.0, 12, 53.67, 2.33, 0.00000881, 0.00000241, ZIC, 136.0, 8, 17.00, 0.62, 0.00000641, 0.00000032
trial0005044, AA, 645.5, 12, 53.79, 2.50, 0.00000915, 0.00000256, ZIC, 139.5, 8, 17.44, 0.88, 0.00000603, 0.00000033
trial0005045, AA, 505.0, 12, 42.08, 1.75, 0.00000934, 0.00000241, ZIC, 124.75, 8, 15.59, 0.62, 0.00000681, 0.00000036
trial0005046, AA, 937.0, 12, 78.08, 3.83, 0.00000930, 0.00000236, ZIC, 36.0, 8, 4.50, 0.12, 0.00000639, 0.00000031
trial0005047, AA, 670.25, 12, 55.85, 2.25, 0.00000906, 0.00000263, ZIC, 46.75, 8, 5.84, 0.38, 0.00000648, 0.00000031
trial0005048, AA, 358.0, 12, 29.83, 1.25, 0.00000873, 0.00000241, ZIC, 61.0, 8, 7.62, 0.12, 0.00000633, 0.00000033
trial0005049, AA, 592.0, 12, 49.33, 1.92, 0.00000897, 0.00000272, ZIC, 45.0, 8, 5.62, 0.38, 0.00000648, 0.00000031
trial0005050, AA, 550.25, 12, 45.85, 1.92, 0.00000878, 0.00000277, ZIC, 82.5, 8, 10.31, 0.75, 0.00000662, 0.00000035
trial0005051, AA, 132.0, 12, 11.00, 0.25, 0.00000897, 0.00000232, ZIC, 218.75, 8, 27.34, 0.75, 0.00000603, 0.00000030
trial0005052, AA, 280.0, 12, 23.33, 1.33, 0.00000928, 0.00000220, ZIC, 25.0, 8, 3.12, 0.12, 0.00000648, 0.00000032
trial0005053, AA, 708.0, 12, 59.00, 2.17, 0.00000856, 0.00000250, ZIC, 77.5, 8, 9.69, 0.38, 0.00000626, 0.00000035
trial0005054, AA, 562.5, 12, 46.88, 1.83, 0.00000864, 0.00000240, ZIC, 57.5, 8, 7.19, 0.50, 0.00000645, 0.00000033
trial0005055, AA, 479.0, 12, 39.92, 2.08, 0.00000865, 0.00000246, ZIC, 140.5, 8, 17.56, 0.75, 0.00000624, 0.00000032
trial0005056, AA, 819.0, 12, 68.25, 3.58, 0.00000890, 0.00000250, ZIC, 31.0, 8, 3.88, 0.38, 0.00000653, 0.00000035
trial0005057, AA, 159.0, 12, 13.25, 0.58, 0.00000827, 0.00000203, ZIC, 51.0, 8, 6.38, 0.38, 0.00000691, 0.00000031
trial0005058, AA, 780.25, 12, 65.02, 2.50, 0.00000861, 0.00000277, ZIC, 62.0, 8, 7.75, 0.75, 0.00000625, 0.00000035
trial0005059, AA, 553.25, 12, 46.10, 2.25, 0.00000845, 0.00000247, ZIC, 78.0, 8, 9.75, 0.50, 0.00000629, 0.00000036
trial0005060, AA, 298.0, 12, 24.83, 1.33, 0.00000836, 0.00000214, ZIC, 151.75, 8, 18.97, 0.88, 0.00000650, 0.00000034
trial0005061, AA, 674.25, 12, 56.19, 2.83, 0.00000847, 0.00000262, ZIC, 148.25, 8, 18.53, 0.75, 0.00000618, 0.00000030
trial0005062, AA, 622.5, 12, 51.88, 2.75, 0.00000845, 0.00000227, ZIC, 109.25, 8, 13.66, 0.38, 0.00000589, 0.00000029
trial0005063, AA, 833.0, 12, 69.42, 2.83, 0.00000835, 0.00000241, ZIC, 169.5, 8, 21.19, 0.62, 0.00000617, 0.00000030
trial0005064, AA, 645.0, 12, 53.75, 2.50, 0.00000843, 0.00000236, ZIC, 126.5, 8, 15.81, 0.75, 0.00000682, 0.00000030
trial0005065, AA, 536.5, 12, 44.71, 1.75, 0.00000935, 0.00000239, ZIC, 82.0, 8, 10.25, 0.50, 0.00000635, 0.00000033
trial0005066, AA, 338.0, 12, 28.17, 1.75, 0.00000885, 0.00000259, ZIC, 146.5, 8, 18.31, 0.75, 0.00000656, 0.00000034
trial0005067, AA, 839.75, 12, 69.98, 3.25, 0.00000915, 0.00000260, ZIC, 160.0, 8, 20.00, 0.88, 0.00000638, 0.00000033
trial0005068, AA, 897.5, 12, 74.79, 3.75, 0.00000887, 0.00000262, ZIC, 180.5, 8, 22.56, 0.75, 0.00000632, 0.00000029
trial0005069, AA, 620.0, 12, 51.67, 2.00, 0.00000862, 0.00000239, ZIC, 77.0, 8, 9.62, 0.50, 0.00000658, 0.00000032
trial0005070, AA, 477.0, 12, 39.75, 1.92, 0.00000867, 0.00000234, ZIC, 232.5, 8, 29.06, 1.00, 0.00000585, 0.00000028
trial0005071, AA, 401.5, 12, 33.46, 1.42, 0.00000888, 0.00000240, ZIC, 62.0, 8, 7.75, 0.50, 0.00000614, 0.00000030
trial0005072, AA, 632.0, 12, 52.67, 2.83, 0.00000869, 0.00000266, ZIC, 91.5, 8, 11.44, 0.62, 0.00000646, 0.00000032
trial0005073, AA, 196.5, 12, 16.38, 0.75, 0.00000878, 0.00000220, ZIC, 69.0, 8, 8.62, 0.25, 0.00000644, 0.00000035
trial0005074, AA, 422.0, 12, 35.17, 1.50, 0.00000903, 0.00000231, ZIC, 23.5, 8, 2.94, 0.12, 0.00000614, 0.00000031
trial0005075, AA, 133.0, 12, 11.08, 0.33, 0.00000868, 0.00000221, ZIC, 88.0, 8, 11.00, 0.62, 0.00000646, 0.00000032
trial0005076, AA, 389.0, 12, 32.42, 1.33, 0.00000886, 0.00000224, ZIC, 72.5, 8, 9.06, 0.25, 0.00000640, 0.00000031
trial0005077, AA, 646.0, 12, 53.83, 2.67, 0.00000929, 0.00000246, ZIC, 35.0, 8, 4.38, 0.38, 0.00000621, 0.00000034
trial0005078, AA, 579.0, 12, 48.25, 2.42, 0.00000883, 0.00000232, ZIC, 130.5, 8, 16.31, 0.75, 0.00000619, 0.00000032
trial0005079, AA, 489.5, 12, 40.79, 2.33, 0.00000849, 0.00000263, ZIC, 83.5, 8, 10.44, 0.50, 0.00000618, 0.00000032
trial0005080, AA, 414.0, 12, 34.50, 1.58, 0.00000905, 0.00000216, ZIC, 65.0, 8, 8.12, 0.38, 0.00000642, 0.00000030
trial0005081, AA, 589.5, 12, 49.12, 1.83, 0.00000875, 0.00000243, ZIC, 245.5, 8, 30.69, 1.12, 0.00000659, 0.00000032
trial0005082, AA, 520.75, 12, 43.40, 2.00, 0.00000931, 0.00000238, ZIC, 151.75, 8, 18.97, 0.75, 0.00000666, 0.00000032
trial0005083, AA, 660.5, 12, 55.04, 2.75, 0.00000898, 0.00000261, ZIC, 192.0, 8, 24.00, 0.88, 0.00000646, 0.00000033
trial0005084, AA, 872.5, 12, 72.71, 3.17, 0.00000914, 0.00000270, ZIC, 86.75, 8, 10.84, 0.50, 0.00000655, 0.00000032
trial0005085, AA, 511.5, 12, 42.62, 2.25, 0.00000881, 0.00000240, ZIC, 149.25, 8, 18.66, 0.88, 0.00000632, 0.00000034
trial0005086, AA, 435.0, 12, 36.25, 1.92, 0.00000878, 0.00000239, ZIC, 98.5, 8, 12.31, 0.38, 0.00000625, 0.00000035
trial0005087, AA, 528.0, 12, 44.00, 2.50, 0.00000938, 0.00000252, ZIC, 149.5, 8, 18.69, 0.62, 0.00000655, 0.00000032
trial0005088, AA, 124.5, 12, 10.38, 0.25, 0.00000883, 0.00000210, ZIC, 11.0, 8, 1.38, 0.12, 0.00000671, 0.00000037
trial0005089, AA, 802.0, 12, 66.83, 3.25, 0.00000885, 0.00000248, ZIC, 69.0, 8, 8.62, 0.50, 0.00000660, 0.00000031
trial0005090, AA, 134.0, 12, 11.17, 0.33, 0.00000855, 0.00000214, ZIC, 1.0, 8, 0.12, 0.12, 0.00000647, 0.00000031
trial0005091, AA, 788.0, 12, 65.67, 2.50, 0.00000851, 0.00000232, ZIC, 94.0, 8, 11.75, 0.50, 0.00000623, 0.00000034
trial0005092, AA, 623.25, 12, 51.94, 2.83, 0.00000846, 0.00000233, ZIC, 141.5, 8, 17.69, 0.75, 0.00000598, 0.00000031
trial0005093, AA, 610.0, 12, 50.83, 2.08, 0.00000926, 0.00000235, ZIC, 183.0, 8, 22.88, 0.88, 0.00000675, 0.00000031
trial0005094, AA, 341.75, 12, 28.48, 1.58, 0.00000843, 0.00000215, ZIC, 89.25, 8, 11.16, 0.38, 0.00000630, 0.00000030
trial0005095, AA, 614.5, 12, 51.21, 2.67, 0.00000823, 0.00000236, ZIC, 56.0, 8, 7.00, 0.38, 0.00000623, 0.00000028
trial0005096, AA, 117.5, 12, 9.79, 0.50, 0.00000840, 0.00000215, ZIC, 53.0, 8, 6.62, 0.38, 0.00000643, 0.00000029
trial0005097, AA, 665.75, 12, 55.48, 2.25, 0.00000864, 0.00000278, ZIC, 112.0, 8, 14.00, 0.62, 0.00000628, 0.00000030
trial0005098, AA, 370.0, 12, 30.83, 1.67, 0.00000853, 0.00000215, ZIC, 86.0, 8, 10.75, 0.50, 0.00000617, 0.00000029
trial0005099, AA, 641.0, 12, 53.42, 2.58, 0.00000843, 0.00000231, ZIC, 142.0, 8, 17.75, 0.88, 0.00000627, 0.00000033
trial0005100, AA, 220.5, 12, 18.38, 0.83, 0.00000862, 0.00000216, ZIC, 79.0, 8, 9.88, 0.50, 0.00000637, 0.00000030
trial0005101, AA, 809.0, 12, 67.42, 2.33, 0.00000880, 0.00000257, ZIC, 194.0, 8, 24.25, 0.88, 0.00000640, 0.00000031
trial0005102, AA, 614.0, 12, 51.17, 1.75, 0.00000873, 0.00000231, ZIC, 139.0, 8, 17.38, 0.75, 0.00000652, 0.00000030
trial0005103, AA, 566.5, 12, 47.21, 1.42, 0.00000906, 0.00000240, ZIC, 94.0, 8, 11.75, 0.38, 0.00000634, 0.00000034
trial0005104, AA, 593.5, 12, 49.46, 1.67, 0.00000947, 0.00000255, ZIC, 153.0, 8, 19.12, 0.50, 0.00000631, 0.00000031
trial0005105, AA, 674.0, 12, 56.17, 2.00, 0.00000864, 0.00000242, ZIC, 129.0, 8, 16.12, 0.62, 0.00000625, 0.00000034
trial0005106, AA, 826.25, 12, 68.85, 2.58, 0.00000878, 0.00000248, ZIC, 154.25, 8, 19.28, 1.00, 0.00000617, 0.00000032
trial0005107, AA, 903.0, 12, 75.25, 2.75, 0.00000936, 0.00000245, ZIC, 217.5, 8, 27.19, 1.00, 0.00000676, 0.00000032
trial0005108, AA, 695.0, 12, 57.92, 2.08, 0.00000883, 0.00000245, ZIC, 272.0, 8, 34.00, 1.00, 0.00000648, 0.00000034
trial0005109, AA, 829.75, 12, 69.15, 2.50, 0.00000875, 0.00000253, ZIC, 129.75, 8, 16.22, 0.62, 0.00000645, 0.00000031
trial0005110, AA, 984.5, 12, 82.04, 2.75, 0.00000892, 0.00000263, ZIC, 252.0, 8, 31.50, 0.75, 0.00000668, 0.00000030
trial0005111, AA, 607.75, 12, 50.65, 1.83, 0.00000877, 0.00000227, ZIC, 261.0, 8, 32.62, 0.88, 0.00000653, 0.00000035
trial0005112, AA, 718.5, 12, 59.88, 1.92, 0.00000943, 0.00000221, ZIC, 84.0, 8, 10.50, 0.62, 0.00000641, 0.00000034
trial0005113, AA, 899.5, 12, 74.96, 2.33, 0.00000900, 0.00000265, ZIC, 232.5, 8, 29.06, 0.62, 0.00000651, 0.00000031
trial0005114, AA, 896.5, 12, 74.71, 3.00, 0.00000931, 0.00000246, ZIC, 67.5, 8, 8.44, 0.62, 0.00000649, 0.00000031
trial0005115, AA, 349.0, 12, 29.08, 1.08, 0.00000855, 0.00000217, ZIC, 189.5, 8, 23.69, 0.88, 0.00000645, 0.00000029
trial0005116, AA, 732.5, 12, 61.04, 2.33, 0.00000898, 0.00000229, ZIC, 288.25, 8, 36.03, 1.00, 0.00000640, 0.00000032
trial0005117, AA, 575.0, 12, 47.92, 1.83, 0.00000921, 0.00000221, ZIC, 97.0, 8, 12.12, 0.50, 0.00000620, 0.00000034
trial0005118, AA, 784.0, 12, 65.33, 2.42, 0.00000907, 0.00000278, ZIC, 195.5, 8, 24.44, 1.00, 0.00000625, 0.00000038
trial0005119, AA, 958.0, 12, 79.83, 2.67, 0.00000870, 0.00000245, ZIC, 89.5, 8, 11.19, 0.75, 0.00000646, 0.00000033
trial0005120, AA, 502.5, 12, 41.88, 2.08, 0.00000882, 0.00000225, ZIC, 198.5, 8, 24.81, 0.75, 0.00000622, 0.00000031
trial0005121, AA, 613.5, 12, 51.12, 1.58, 0.00000879, 0.00000221, ZIC, 195.0, 8, 24.38, 0.75, 0.00000607, 0.00000031
trial0005122, AA, 640.0, 12, 53.33, 1.67, 0.00000880, 0.00000218, ZIC, 144.5, 8, 18.06, 0.75, 0.00000616, 0.00000031
trial0005123, AA, 417.25, 12, 34.77, 1.25, 0.00000862, 0.00000224, ZIC, 154.75, 8, 19.34, 0.75, 0.00000597, 0.00000030
trial0005124, AA, 781.0, 12, 65.08, 2.33, 0.00000804, 0.00000229, ZIC, 154.0, 8, 19.25, 1.00, 0.00000621, 0.00000030
trial0005125, AA, 565.0, 12, 47.08, 1.67, 0.00000915, 0.00000229, ZIC, 267.0, 8, 33.38, 1.00, 0.00000646, 0.00000033
trial0005126, AA, 584.5, 12, 48.71, 1.58, 0.00000851, 0.00000224, ZIC, 190.0, 8, 23.75, 0.75, 0.00000647, 0.00000035
trial0005127, AA, 483.5, 12, 40.29, 1.33, 0.00000839, 0.00000232, ZIC, 87.0, 8, 10.88, 0.62, 0.00000642, 0.00000043
trial0005128, AA, 689.5, 12, 57.46, 2.50, 0.00000838, 0.00000255, ZIC, 267.75, 8, 33.47, 1.12, 0.00000631, 0.00000034
trial0005129, AA, 844.25, 12, 70.35, 2.42, 0.00000870, 0.00000271, ZIC, 372.75, 8, 46.59, 1.50, 0.00000672, 0.00000033
trial0005130, AA, 333.5, 12, 27.79, 1.08, 0.00000907, 0.00000226, ZIC, 248.25, 8, 31.03, 1.00, 0.00000629, 0.00000031
trial0005131, AA, 757.5, 12, 63.12, 2.33, 0.00000941, 0.00000278, ZIC, 189.0, 8, 23.62, 0.75, 0.00000679, 0.00000036
trial0005132, AA, 723.5, 12, 60.29, 2.08, 0.00000961, 0.00000281, ZIC, 207.75, 8, 25.97, 0.75, 0.00000707, 0.00000031
trial0005133, AA, 830.75, 12, 69.23, 2.25, 0.00000944, 0.00000261, ZIC, 138.5, 8, 17.31, 0.75, 0.00000694, 0.00000034
trial0005134, AA, 646.5, 12, 53.88, 2.00, 0.00000963, 0.00000248, ZIC, 292.75, 8, 36.59, 1.62, 0.00000696, 0.00000034
trial0005135, AA, 203.5, 12, 16.96, 0.75, 0.00001087, 0.00000342, ZIC, 297.0, 8, 37.12, 0.88, 0.00000845, 0.00000041
trial0005136, AA, 714.0, 12, 59.50, 2.58, 0.00000973, 0.00000289, ZIC, 98.0, 8, 12.25, 0.50, 0.00000704, 0.00000033
trial0005137, AA, 663.0, 12, 55.25, 1.83, 0.00000911, 0.00000266, ZIC, 395.0, 8, 49.38, 1.38, 0.00000702, 0.00000032
trial0005138, AA, 653.0, 12, 54.42, 1.83, 0.00000990, 0.00000243, ZIC, 189.0, 8, 23.62, 0.75, 0.00000696, 0.00000031
trial0005139, AA, 572.0, 12, 47.67, 2.00, 0.00000866, 0.00000256, ZIC, 56.5, 8, 7.06, 0.50, 0.00000620, 0.00000031
trial0005140, AA, 665.75, 12, 55.48, 2.42, 0.00000926, 0.00000239, ZIC, 193.75, 8, 24.22, 0.88, 0.00000659, 0.00000034
trial0005141, AA, 1068.75, 12, 89.06, 3.17, 0.00000829, 0.00000254, ZIC, 106.5, 8, 13.31, 0.50, 0.00000680, 0.00000032
trial0005142, AA, 970.75, 12, 80.90, 2.67, 0.00000860, 0.00000256, ZIC, 236.25, 8, 29.53, 1.12, 0.00000628, 0.00000033
trial0005143, AA, 553.5, 12, 46.12, 2.25, 0.00000895, 0.00000247, ZIC, 221.25, 8, 27.66, 1.38, 0.00000646, 0.00000031
trial0005144, AA, 524.5, 12, 43.71, 1.67, 0.00000922, 0.00000243, ZIC, 300.0, 8, 37.50, 1.25, 0.00000681, 0.00000034
trial0005145, AA, 278.5, 12, 23.21, 0.92, 0.00000910, 0.00000250, ZIC, 315.0, 8, 39.38, 1.12, 0.00000628, 0.00000031
trial0005146, AA, 752.25, 12, 62.69, 2.42, 0.00000880, 0.00000270, ZIC, 153.0, 8, 19.12, 0.62, 0.00000643, 0.00000035
trial0005147, AA, 674.25, 12, 56.19, 2.00, 0.00000860, 0.00000268, ZIC, 111.0, 8, 13.88, 0.38, 0.00000657, 0.00000035
trial0005148, AA, 1020.0, 12, 85.00, 3.00, 0.00000953, 0.00000258, ZIC, 77.75, 8, 9.72, 0.50, 0.00000658, 0.00000034
trial0005149, AA, 1121.5, 12, 93.46, 2.75, 0.00000923, 0.00000260, ZIC, 109.0, 8, 13.62, 0.50, 0.00000665, 0.00000032
trial0005150, AA, 731.0, 12, 60.92, 1.50, 0.00000826, 0.00000222, ZIC, 26.0, 8, 3.25, 0.25, 0.00000600, 0.00000027
trial0005151, AA, 556.0, 12, 46.33, 2.00, 0.00000873, 0.00000215, ZIC, 109.0, 8, 13.62, 0.62, 0.00000624, 0.00000030
trial0005152, AA, 943.75, 12, 78.65, 2.25, 0.00000878, 0.00000252, ZIC, 123.5, 8, 15.44, 0.62, 0.00000621, 0.00000031
trial0005153, AA, 399.75, 12, 33.31, 1.75, 0.00000938, 0.00000248, ZIC, 233.0, 8, 29.12, 1.00, 0.00000649, 0.00000031
trial0005154, AA, 755.5, 12, 62.96, 2.58, 0.00000961, 0.00000247, ZIC, 252.0, 8, 31.50, 1.12, 0.00000705, 0.00000032
trial0005155, AA, 435.0, 12, 36.25, 1.42, 0.00001275, 0.00000272, ZIC, 104.0, 8, 13.00, 0.50, 0.00000735, 0.00000034
trial0005156, AA, 496.75, 12, 41.40, 1.58, 0.00001093, 0.00000276, ZIC, 101.0, 8, 12.62, 0.50, 0.00000763, 0.00000036
trial0005157, AA, 482.0, 12, 40.17, 1.58, 0.00001072, 0.00000250, ZIC, 153.25, 8, 19.16, 0.88, 0.00000714, 0.00000034
trial0005158, AA, 840.5, 12, 70.04, 2.33, 0.00000900, 0.00000264, ZIC, 116.0, 8, 14.50, 0.50, 0.00000686, 0.00000032
trial0005159, AA, 434.0, 12, 36.17, 1.42, 0.00000917, 0.00000239, ZIC, 137.0, 8, 17.12, 0.50, 0.00000669, 0.00000031
trial0005160, AA, 970.0, 12, 80.83, 3.25, 0.00000868, 0.00000218, ZIC, 265.0, 8, 33.12, 1.12, 0.00000679, 0.00000034
trial0005161, AA, 366.0, 12, 30.50, 1.25, 0.00000835, 0.00000226, ZIC, 67.5, 8, 8.44, 0.38, 0.00000604, 0.00000032
trial0005162, AA, 295.5, 12, 24.62, 1.17, 0.00001001, 0.00000230, ZIC, 168.0, 8, 21.00, 0.62, 0.00000712, 0.00000033
trial0005163, AA, 918.0, 12, 76.50, 2.50, 0.00000908, 0.00000255, ZIC, 137.0, 8, 17.12, 0.75, 0.00000632, 0.00000032
trial0005164, AA, 619.0, 12, 51.58, 1.92, 0.00000933, 0.00000249, ZIC, 193.0, 8, 24.12, 0.88, 0.00000684, 0.00000035
trial0005165, AA, 615.5, 12, 51.29, 1.75, 0.00000914, 0.00000222, ZIC, 185.5, 8, 23.19, 0.62, 0.00000655, 0.00000032
trial0005166, AA, 907.25, 12, 75.60, 3.00, 0.00000955, 0.00000276, ZIC, 219.25, 8, 27.41, 0.62, 0.00000683, 0.00000035
trial0005167, AA, 699.0, 12, 58.25, 2.08, 0.00001004, 0.00000253, ZIC, 147.5, 8, 18.44, 0.75, 0.00000671, 0.00000034
trial0005168, AA, 967.0, 12, 80.58, 3.33, 0.00000939, 0.00000280, ZIC, 283.75, 8, 35.47, 1.12, 0.00000707, 0.00000035
trial0005169, AA, 915.75, 12, 76.31, 2.33, 0.00000950, 0.00000246, ZIC, 291.75, 8, 36.47, 1.00, 0.00000654, 0.00000031
trial0005170, AA, 804.75, 12, 67.06, 2.42, 0.00000905, 0.00000255, ZIC, 160.5, 8, 20.06, 0.62, 0.00000638, 0.00000033
trial0005171, AA, 751.0, 12, 62.58, 2.42, 0.00000908, 0.00000278, ZIC, 373.0, 8, 46.62, 1.38, 0.00000761, 0.00000032
trial0005172, AA, 1155.0, 12, 96.25, 3.33, 0.00000925, 0.00000275, ZIC, 229.5, 8, 28.69, 1.00, 0.00000670, 0.00000033
trial0005173, AA, 520.0, 12, 43.33, 1.83, 0.00000907, 0.00000270, ZIC, 130.5, 8, 16.31, 0.62, 0.00000685, 0.00000031
trial0005174, AA, 674.0, 12, 56.17, 1.58, 0.00000931, 0.00000239, ZIC, 75.75, 8, 9.47, 0.50, 0.00000657, 0.00000033
trial0005175, AA, 432.5, 12, 36.04, 1.17, 0.00000909, 0.00000230, ZIC, 250.0, 8, 31.25, 1.00, 0.00000650, 0.00000031
trial0005176, AA, 641.75, 12, 53.48, 1.83, 0.00000853, 0.00000255, ZIC, 108.5, 8, 13.56, 0.38, 0.00000661, 0.00000033
trial0005177, AA, 713.5, 12, 59.46, 2.42, 0.00000880, 0.00000259, ZIC, 94.0, 8, 11.75, 0.62, 0.00000699, 0.00000032
trial0005178, AA, 810.0, 12, 67.50, 2.42, 0.00000895, 0.00000236, ZIC, 76.0, 8, 9.50, 0.38, 0.00000707, 0.00000036
trial0005179, AA, 531.5, 12, 44.29, 1.92, 0.00000965, 0.00000263, ZIC, 100.0, 8, 12.50, 0.62, 0.00000738, 0.00000034
trial0005180, AA, 790.75, 12, 65.90, 2.17, 0.00000993, 0.00000278, ZIC, 198.5, 8, 24.81, 0.88, 0.00000746, 0.00000034
trial0005181, AA, 683.0, 12, 56.92, 2.17, 0.00000958, 0.00000238, ZIC, 58.5, 8, 7.31, 0.38, 0.00000678, 0.00000032
trial0005182, AA, 844.5, 12, 70.38, 2.17, 0.00000891, 0.00000230, ZIC, 103.0, 8, 12.88, 0.38, 0.00000659, 0.00000032
trial0005183, AA, 555.25, 12, 46.27, 1.75, 0.00000960, 0.00000244, ZIC, 59.5, 8, 7.44, 0.38, 0.00000649, 0.00000032
trial0005184, AA, 538.0, 12, 44.83, 1.58, 0.00000956, 0.00000229, ZIC, 117.0, 8, 14.62, 0.62, 0.00000681, 0.00000031
trial0005185, AA, 644.75, 12, 53.73, 2.17, 0.00001020, 0.00000268, ZIC, 94.25, 8, 11.78, 0.62, 0.00000724, 0.00000036
trial0005186, AA, 758.0, 12, 63.17, 2.00, 0.00000935, 0.00000254, ZIC, 65.0, 8, 8.12, 0.25, 0.00000700, 0.00000033
trial0005187, AA, 635.5, 12, 52.96, 1.75, 0.00000981, 0.00000250, ZIC, 344.0, 8, 43.00, 1.50, 0.00000718, 0.00000036
trial0005188, AA, 763.5, 12, 63.62, 1.83, 0.00000975, 0.00000239, ZIC, 106.5, 8, 13.31, 0.75, 0.00000696, 0.00000032
trial0005189, AA, 411.5, 12, 34.29, 1.25, 0.00000909, 0.00000248, ZIC, 109.5, 8, 13.69, 0.62, 0.00000655, 0.00000032
trial0005190, AA, 389.5, 12, 32.46, 1.58, 0.00000911, 0.00000277, ZIC, 227.0, 8, 28.38, 0.88, 0.00000696, 0.00000032
trial0005191, AA, 678.0, 12, 56.50, 1.67, 0.00000954, 0.00000263, ZIC, 120.5, 8, 15.06, 0.88, 0.00000683, 0.00000036
trial0005192, AA, 974.75, 12, 81.23, 2.83, 0.00000994, 0.00000259, ZIC, 53.0, 8, 6.62, 0.50, 0.00000641, 0.00000033
trial0005193, AA, 596.25, 12, 49.69, 1.83, 0.00000937, 0.00000221, ZIC, 135.5, 8, 16.94, 0.75, 0.00000666, 0.00000036
trial0005194, AA, 696.5, 12, 58.04, 2.67, 0.00000884, 0.00000264, ZIC, 407.0, 8, 50.88, 1.50, 0.00000641, 0.00000031
trial0005195, AA, 583.75, 12, 48.65, 2.33, 0.00000909, 0.00000215, ZIC, 283.0, 8, 35.38, 1.12, 0.00000657, 0.00000032
trial0005196, AA, 1021.0, 12, 85.08, 3.08, 0.00000912, 0.00000258, ZIC, 387.0, 8, 48.38, 1.62, 0.00000716, 0.00000033
trial0005197, AA, 506.25, 12, 42.19, 2.00, 0.00000904, 0.00000230, ZIC, 29.5, 8, 3.69, 0.25, 0.00000665, 0.00000033
trial0005198, AA, 856.75, 12, 71.40, 2.50, 0.00000932, 0.00000262, ZIC, 283.75, 8, 35.47, 1.12, 0.00000665, 0.00000030
trial0005199, AA, 547.5, 12, 45.62, 1.83, 0.00000949, 0.00000237, ZIC, 143.0, 8, 17.88, 0.75, 0.00000681, 0.00000034
trial0005200, AA, 1077.25, 12, 89.77, 3.25, 0.00000952, 0.00000259, ZIC, 270.5, 8, 33.81, 1.12, 0.00000669, 0.00000033
trial0005201, AA, 1160.5, 12, 96.71, 2.75, 0.00000890, 0.00000273, ZIC, 90.5, 8, 11.31, 0.50, 0.00000667, 0.00000034
trial0005202, AA, 424.5, 12, 35.38, 1.42, 0.00000902, 0.00000214, ZIC, 14.0, 8, 1.75, 0.12, 0.00000653, 0.00000034
trial0005203, AA, 819.0, 12, 68.25, 2.50, 0.00000915, 0.00000264, ZIC, 94.0, 8, 11.75, 0.38, 0.00000625, 0.00000031
trial0005204, AA, 640.0, 12, 53.33, 2.25, 0.00001019, 0.00000300, ZIC, 236.75, 8, 29.59, 1.00, 0.00000737, 0.00000038
trial0005205, AA, 824.0, 12, 68.67, 2.33, 0.00000898, 0.00000250, ZIC, 143.0, 8, 17.88, 0.75, 0.00000689, 0.00000032
trial0005206, AA, 893.25, 12, 74.44, 2.75, 0.00000870, 0.00000262, ZIC, 275.5, 8, 34.44, 1.00, 0.00000651, 0.00000034
trial0005207, AA, 716.75, 12, 59.73, 2.50, 0.00000984, 0.00000253, ZIC, 216.5, 8, 27.06, 1.00, 0.00000703, 0.00000033
trial0005208, AA, 468.5, 12, 39.04, 1.67, 0.00000980, 0.00000263, ZIC, 252.0, 8, 31.50, 1.00, 0.00000706, 0.00000032
trial0005209, AA, 545.0, 12, 45.42, 1.33, 0.00001131, 0.00000329, ZIC, 108.5, 8, 13.56, 0.50, 0.00000876, 0.00000037
trial0005210, AA, 1004.5, 12, 83.71, 2.42, 0.00001176, 0.00000342, ZIC, 40.5, 8, 5.06, 0.25, 0.00000797, 0.00000033
trial0005211, AA, 309.0, 12, 25.75, 0.92, 0.00001037, 0.00000277, ZIC, 194.5, 8, 24.31, 0.75, 0.00000774, 0.00000036
trial0005212, AA, 670.5, 12, 55.88, 1.67, 0.00000830, 0.00000223, ZIC, 158.5, 8, 19.81, 0.75, 0.00000615, 0.00000029
trial0005213, AA, 503.0, 12, 41.92, 1.58, 0.00000892, 0.00000254, ZIC, 119.5, 8, 14.94, 0.62, 0.00000589, 0.00000030
trial0005214, AA, 863.0, 12, 71.92, 2.67, 0.00000854, 0.00000257, ZIC, 231.0, 8, 28.88, 1.12, 0.00000632, 0.00000031
trial0005215, AA, 696.0, 12, 58.00, 2.17, 0.00000935, 0.00000319, ZIC, 176.0, 8, 22.00, 0.62, 0.00000675, 0.00000037
trial0005216, AA, 869.5, 12, 72.46, 2.17, 0.00001203, 0.00000359, ZIC, 117.5, 8, 14.69, 0.50, 0.00000726, 0.00000039
trial0005217, AA, 592.25, 12, 49.35, 1.83, 0.00001107, 0.00000265, ZIC, 185.5, 8, 23.19, 0.88, 0.00000688, 0.00000029
trial0005218, AA, 545.5, 12, 45.46, 1.92, 0.00000897, 0.00000232, ZIC, 209.25, 8, 26.16, 0.88, 0.00000637, 0.00000032
trial0005219, AA, 682.75, 12, 56.90, 1.92, 0.00000853, 0.00000222, ZIC, 106.5, 8, 13.31, 0.62, 0.00000611, 0.00000030
trial0005220, AA, 837.75, 12, 69.81, 2.83, 0.00000889, 0.00000242, ZIC, 128.75, 8, 16.09, 0.62, 0.00000646, 0.00000030
trial0005221, AA, 704.5, 12, 58.71, 2.33, 0.00000869, 0.00000233, ZIC, 180.0, 8, 22.50, 0.62, 0.00000639, 0.00000030
trial0005222, AA, 846.5, 12, 70.54, 2.58, 0.00000937, 0.00000247, ZIC, 173.0, 8, 21.62, 1.00, 0.00000621, 0.00000032
trial0005223, AA, 489.5, 12, 40.79, 1.58, 0.00000874, 0.00000239, ZIC, 319.5, 8, 39.94, 1.00, 0.00000640, 0.00000034
trial0005224, AA, 486.0, 12, 40.50, 1.17, 0.00000846, 0.00000207, ZIC, 133.5, 8, 16.69, 0.50, 0.00000604, 0.00000028
trial0005225, AA, 633.75, 12, 52.81, 2.08, 0.00000856, 0.00000236, ZIC, 85.5, 8, 10.69, 0.50, 0.00000600, 0.00000032
trial0005226, AA, 633.5, 12, 52.79, 2.00, 0.00000901, 0.00000233, ZIC, 71.0, 8, 8.88, 0.50, 0.00000642, 0.00000031
trial0005227, AA, 833.0, 12, 69.42, 2.75, 0.00000928, 0.00000282, ZIC, 243.5, 8, 30.44, 1.00, 0.00000732, 0.00000032
trial0005228, AA, 688.0, 12, 57.33, 2.00, 0.00000945, 0.00000244, ZIC, 334.0, 8, 41.75, 1.00, 0.00000672, 0.00000035
trial0005229, AA, 1053.5, 12, 87.79, 3.25, 0.00000914, 0.00000255, ZIC, 172.0, 8, 21.50, 0.88, 0.00000674, 0.00000033
trial0005230, AA, 917.5, 12, 76.46, 2.58, 0.00000911, 0.00000280, ZIC, 235.5, 8, 29.44, 1.00, 0.00000673, 0.00000032
trial0005231, AA, 864.5, 12, 72.04, 2.25, 0.00000841, 0.00000250, ZIC, 107.0, 8, 13.38, 0.75, 0.00000660, 0.00000033
trial0005232, AA, 803.25, 12, 66.94, 2.33, 0.00000882, 0.00000260, ZIC, 201.25, 8, 25.16, 1.00, 0.00000651, 0.00000032
trial0005233, AA, 677.25, 12, 56.44, 2.17, 0.00000869, 0.00000248, ZIC, 111.5, 8, 13.94, 0.62, 0.00000637, 0.00000032
trial0005234, AA, 572.5, 12, 47.71, 1.33, 0.00000907, 0.00000248, ZIC, 114.5, 8, 14.31, 0.62, 0.00000641, 0.00000031
trial0005235, AA, 304.5, 12, 25.38, 0.92, 0.00000909, 0.00000218, ZIC, 57.0, 8, 7.12, 0.50, 0.00000682, 0.00000034
trial0005236, AA, 328.0, 12, 27.33, 0.92, 0.00000889, 0.00000233, ZIC, 217.5, 8, 27.19, 0.88, 0.00000651, 0.00000029
trial0005237, AA, 1312.75, 12, 109.40, 4.17, 0.00000894, 0.00000254, ZIC, 268.5, 8, 33.56, 1.25, 0.00000613, 0.00000031
trial0005238, AA, 725.5, 12, 60.46, 1.75, 0.00000858, 0.00000244, ZIC, 152.5, 8, 19.06, 0.75, 0.00000610, 0.00000033
trial0005239, AA, 914.5, 12, 76.21, 2.75, 0.00000822, 0.00000223, ZIC, 215.25, 8, 26.91, 1.00, 0.00000607, 0.00000029
trial0005240, AA, 631.5, 12, 52.62, 2.17, 0.00000868, 0.00000245, ZIC, 279.5, 8, 34.94, 1.00, 0.00000628, 0.00000028
trial0005241, AA, 690.0, 12, 57.50, 2.25, 0.00000852, 0.00000248, ZIC, 248.0, 8, 31.00, 0.88, 0.00000621, 0.00000030
trial0005242, AA, 598.0, 12, 49.83, 1.83, 0.00000868, 0.00000257, ZIC, 155.25, 8, 19.41, 0.62, 0.00000646, 0.00000032
trial0005243, AA, 586.5, 12, 48.88, 1.58, 0.00001098, 0.00000306, ZIC, 101.5, 8, 12.69, 0.50, 0.00000870, 0.00000036
trial0005244, AA, 1302.5, 12, 108.54, 3.25, 0.00000944, 0.00000279, ZIC, 163.5, 8, 20.44, 0.50, 0.00000655, 0.00000029
trial0005245, AA, 444.0, 12, 37.00, 1.50, 0.00000908, 0.00000241, ZIC, 151.5, 8, 18.94, 0.75, 0.00000664, 0.00000032
trial0005246, AA, 732.0, 12, 61.00, 2.33, 0.00000853, 0.00000257, ZIC, 65.5, 8, 8.19, 0.62, 0.00000640, 0.00000031
trial0005247, AA, 555.0, 12, 46.25, 1.92, 0.00000915, 0.00000270, ZIC, 280.5, 8, 35.06, 1.12, 0.00000670, 0.00000035
trial0005248, AA, 897.5, 12, 74.79, 2.75, 0.00000957, 0.00000299, ZIC, 207.5, 8, 25.94, 0.88, 0.00000714, 0.00000033
trial0005249, AA, 439.0, 12, 36.58, 1.33, 0.00000876, 0.00000217, ZIC, 283.5, 8, 35.44, 0.88, 0.00000644, 0.00000032
trial0005250, AA, 280.0, 12, 23.33, 1.33, 0.00000939, 0.00000243, ZIC, 178.5, 8, 22.31, 0.50, 0.00000639, 0.00000038
trial0005251, AA, 962.75, 12, 80.23, 2.83, 0.00000956, 0.00000249, ZIC, 220.0, 8, 27.50, 0.88, 0.00000662, 0.00000032
trial0005252, AA, 598.0, 12, 49.83, 1.67, 0.00000884, 0.00000219, ZIC, 112.0, 8, 14.00, 0.62, 0.00000657, 0.00000030
trial0005253, AA, 415.0, 12, 34.58, 1.50, 0.00000983, 0.00000247, ZIC, 95.0, 8, 11.88, 0.50, 0.00000672, 0.00000033
trial0005254, AA, 803.0, 12, 66.92, 2.75, 0.00001006, 0.00000274, ZIC, 245.5, 8, 30.69, 1.00, 0.00000671, 0.00000032
trial0005255, AA, 519.0, 12, 43.25, 1.25, 0.00001021, 0.00000243, ZIC, 156.5, 8, 19.56, 0.62, 0.00000785, 0.00000033
trial0005256, AA, 816.25, 12, 68.02, 2.25, 0.00000897, 0.00000237, ZIC, 164.5, 8, 20.56, 1.00, 0.00000642, 0.00000032
trial0005257, AA, 650.0, 12, 54.17, 2.00, 0.00000914, 0.00000249, ZIC, 131.5, 8, 16.44, 0.50, 0.00000642, 0.00000033
trial0005258, AA, 796.0, 12, 66.33, 2.42, 0.00000883, 0.00000244, ZIC, 165.0, 8, 20.62, 0.75, 0.00000637, 0.00000035
trial0005259, AA, 324.0, 12, 27.00, 1.25, 0.00000896, 0.00000216, ZIC, 139.5, 8, 17.44, 0.62, 0.00000675, 0.00000030
trial0005260, AA, 707.0, 12, 58.92, 2.00, 0.00001051, 0.00000277, ZIC, 56.0, 8, 7.00, 0.25, 0.00000756, 0.00000036
trial0005261, AA, 613.0, 12, 51.08, 1.42, 0.00001078, 0.00000284, ZIC, 159.0, 8, 19.88, 0.75, 0.00000731, 0.00000038
trial0005262, AA, 1109.0, 12, 92.42, 3.08, 0.00000969, 0.00000276, ZIC, 87.0, 8, 10.88, 0.25, 0.00000714, 0.00000033
trial0005263, AA, 285.0, 12, 23.75, 0.75, 0.00000989, 0.00000228, ZIC, 186.0, 8, 23.25, 0.88, 0.00000736, 0.00000032
trial0005264, AA, 850.25, 12, 70.85, 2.58, 0.00000913, 0.00000257, ZIC, 183.75, 8, 22.97, 0.62, 0.00000648, 0.00000032
trial0005265, AA, 493.5, 12, 41.12, 1.33, 0.00000895, 0.00000223, ZIC, 67.0, 8, 8.38, 0.50, 0.00000660, 0.00000030
trial0005266, AA, 175.0, 12, 14.58, 0.50, 0.00000912, 0.00000230, ZIC, 20.5, 8, 2.56, 0.12, 0.00000649, 0.00000032
trial0005267, AA, 762.75, 12, 63.56, 2.25, 0.00000843, 0.00000246, ZIC, 72.0, 8, 9.00, 0.50, 0.00000622, 0.00000034
trial0005268, AA, 622.0, 12, 51.83, 1.50, 0.00000833, 0.00000222, ZIC, 74.0, 8, 9.25, 0.38, 0.00000596, 0.00000032
trial0005269, AA, 381.0, 12, 31.75, 1.42, 0.00000819, 0.00000249, ZIC, 123.5, 8, 15.44, 0.62, 0.00000597, 0.00000030
trial0005270, AA, 514.0, 12, 42.83, 1.58, 0.00000965, 0.00000223, ZIC, 82.25, 8, 10.28, 0.50, 0.00000678, 0.00000034
trial0005271, AA, 680.5, 12, 56.71, 2.17, 0.00000872, 0.00000218, ZIC, 73.0, 8, 9.12, 0.25, 0.00000585, 0.00000029
trial0005272, AA, 853.0, 12, 71.08, 2.50, 0.00000875, 0.00000241, ZIC, 325.5, 8, 40.69, 1.38, 0.00000681, 0.00000030
trial0005273, AA, 943.0, 12, 78.58, 2.50, 0.00000831, 0.00000229, ZIC, 23.0, 8, 2.88, 0.12, 0.00000612, 0.00000030
trial0005274, AA, 449.5, 12, 37.46, 1.17, 0.00000881, 0.00000214, ZIC, 145.0, 8, 18.12, 0.50, 0.00000584, 0.00000030
trial0005275, AA, 521.25, 12, 43.44, 1.67, 0.00000882, 0.00000259, ZIC, 325.25, 8, 40.66, 1.38, 0.00000621, 0.00000030
trial0005276, AA, 917.75, 12, 76.48, 2.83, 0.00000890, 0.00000228, ZIC, 46.5, 8, 5.81, 0.25, 0.00000654, 0.00000034
trial0005277, AA, 481.5, 12, 40.12, 1.42, 0.00000924, 0.00000239, ZIC, 292.0, 8, 36.50, 1.38, 0.00000629, 0.00000031
trial0005278, AA, 714.0, 12, 59.50, 1.92, 0.00000908, 0.00000235, ZIC, 141.5, 8, 17.69, 0.88, 0.00000636, 0.00000034
trial0005279, AA, 722.5, 12, 60.21, 2.17, 0.00000881, 0.00000244, ZIC, 270.5, 8, 33.81, 1.12, 0.00000667, 0.00000033
trial0005280, AA, 917.0, 12, 76.42, 2.67, 0.00000885, 0.00000238, ZIC, 198.0, 8, 24.75, 1.00, 0.00000642, 0.00000031
trial0005281, AA, 780.0, 12, 65.00, 2.33, 0.00000907, 0.00000263, ZIC, 153.0, 8, 19.12, 0.75, 0.00000652, 0.00000031
trial0005282, AA, 665.0, 12, 55.42, 1.83, 0.00000900, 0.00000237, ZIC, 80.5, 8, 10.06, 0.62, 0.00000665, 0.00000035
trial0005283, AA, 699.0, 12, 58.25, 2.25, 0.00000909, 0.00000295, ZIC, 133.0, 8, 16.62, 0.50, 0.00000635, 0.00000032
trial0005284, AA, 646.5, 12, 53.88, 2.33, 0.00000886, 0.00000220, ZIC, 22.0, 8, 2.75, 0.25, 0.00000665, 0.00000033
trial0005285, AA, 776.25, 12, 64.69, 2.75, 0.00000839, 0.00000259, ZIC, 124.25, 8, 15.53, 0.50, 0.00000642, 0.00000031
trial0005286, AA, 433.5, 12, 36.12, 1.33, 0.00000862, 0.00000226, ZIC, 107.5, 8, 13.44, 0.62, 0.00000613, 0.00000031
trial0005287, AA, 941.5, 12, 78.46, 2.83, 0.00000888, 0.00000234, ZIC, 90.0, 8, 11.25, 0.62, 0.00000650, 0.00000031
trial0005288, AA, 1184.25, 12, 98.69, 2.92, 0.00000901, 0.00000266, ZIC, 221.0, 8, 27.62, 0.75, 0.00000637, 0.00000031
trial0005289, AA, 586.0, 12, 48.83, 1.83, 0.00000894, 0.00000267, ZIC, 224.5, 8, 28.06, 1.00, 0.00000660, 0.00000036
trial0005290, AA, 647.5, 12, 53.96, 1.92, 0.00000854, 0.00000250, ZIC, 306.5, 8, 38.31, 1.12, 0.00000634, 0.00000031
trial0005291, AA, 710.0, 12, 59.17, 1.75, 0.00000889, 0.00000229, ZIC, 154.0, 8, 19.25, 0.75, 0.00000633, 0.00000033
trial0005292, AA, 77.0, 12, 6.42, 0.42, 0.00000871, 0.00000224, ZIC, 134.0, 8, 16.75, 0.50, 0.00000636, 0.00000028
trial0005293, AA, 658.0, 12, 54.83, 2.17, 0.00000907, 0.00000223, ZIC, 112.5, 8, 14.06, 0.50, 0.00000638, 0.00000032
trial0005294, AA, 637.5, 12, 53.12, 1.92, 0.00000884, 0.00000239, ZIC, 110.0, 8, 13.75, 0.50, 0.00000638, 0.00000032
trial0005295, AA, 646.0, 12, 53.83, 1.92, 0.00000849, 0.00000228, ZIC, 147.0, 8, 18.38, 0.88, 0.00000666, 0.00000031
trial0005296, AA, 595.5, 12, 49.62, 1.83, 0.00000896, 0.00000228, ZIC, 244.0, 8, 30.50, 1.12, 0.00000637, 0.00000032
trial0005297, AA, 809.0, 12, 67.42, 2.67, 0.00000872, 0.00000223, ZIC, 208.5, 8, 26.06, 0.50, 0.00000623, 0.00000031
trial0005298, AA, 688.5, 12, 57.38, 1.67, 0.00000846, 0.00000209, ZIC, 39.0, 8, 4.88, 0.12, 0.00000625, 0.00000030
trial0005299, AA, 799.0, 12, 66.58, 2.00, 0.00000848, 0.00000227, ZIC, 93.0, 8, 11.62, 0.50, 0.00000643, 0.00000033
trial0005300, AA, 954.5, 12, 79.54, 2.50, 0.00000884, 0.00000237, ZIC, 141.75, 8, 17.72, 0.88, 0.00000617, 0.00000031
trial0005301, AA, 157.5, 12, 13.12, 2.83, 0.00000898, 0.00000264, ZIC, 4.25, 8, 0.53, 0.25, 0.00000652, 0.00000033
trial0005302, AA, 214.0, 12, 17.83, 3.25, 0.00000879, 0.00000272, ZIC, 19.5, 8, 2.44, 0.50, 0.00000647, 0.00000031
trial0005303, AA, 110.5, 12, 9.21, 1.83, 0.00000894, 0.00000270, ZIC, 5.5, 8, 0.69, 0.12, 0.00000644, 0.00000036
trial0005304, AA, 152.0, 12, 12.67, 2.67, 0.00000890, 0.00000252, ZIC, 8.0, 8, 1.00, 0.25, 0.00000656, 0.00000030
trial0005305, AA, 138.5, 12, 11.54, 2.33, 0.00000867, 0.00000228, ZIC, 0.0, 8, 0.00, 0.00, 0.00000624, 0.00000029
trial0005306, AA, 0.0, 12, 0.00, 0.00, 0.00000896, 0.00000208, ZIC, 0.0, 8, 0.00, 0.00, 0.00000669, 0.00000034
trial0005307, AA, 43.0, 12, 3.58, 0.75, 0.00000903, 0.00000206, ZIC, 0.0, 8, 0.00, 0.00, 0.00000656, 0.00000033
trial0005308, AA, 0.0, 12, 0.00, 0.00, 0.00000857, 0.00000188, ZIC, 0.0, 8, 0.00, 0.00, 0.00000656, 0.00000029
trial0005309, AA, 4.5, 12, 0.38, 0.25, 0.00000888, 0.00000218, ZIC, 0.0, 8, 0.00, 0.00, 0.00000657, 0.00000034
trial0005310, AA, 113.0, 12, 9.42, 1.50, 0.00000864, 0.00000221, ZIC, 0.0, 8, 0.00, 0.00, 0.00000657, 0.00000030
trial0005311, AA, 91.0, 12, 7.58, 1.83, 0.00000871, 0.00000236, ZIC, 7.75, 8, 0.97, 0.25, 0.00000652, 0.00000031
trial0005312, AA, 24.0, 12, 2.00, 0.58, 0.00000876, 0.00000213, ZIC, 0.0, 8, 0.00, 0.00, 0.00000617, 0.00000030
trial0005313, AA, 0.0, 12, 0.00, 0.00, 0.00000859, 0.00000203, ZIC, 0.0, 8, 0.00, 0.00, 0.00000633, 0.00000032
trial0005314, AA, 60.0, 12, 5.00, 1.00, 0.00000888, 0.00000217, ZIC, 5.0, 8, 0.62, 0.12, 0.00000649, 0.00000037
trial0005315, AA, 123.0, 12, 10.25, 1.83, 0.00000925, 0.00000236, ZIC, 10.0, 8, 1.25, 0.25, 0.00000641, 0.00000032
trial0005316, AA, 6.0, 12, 0.50, 0.17, 0.00000896, 0.00000206, ZIC, 2.5, 8, 0.31, 0.12, 0.00000650, 0.00000033
trial0005317, AA, 131.0, 12, 10.92, 2.42, 0.00000895, 0.00000239, ZIC, 8.0, 8, 1.00, 0.25, 0.00000603, 0.00000034
trial0005318, AA, 93.5, 12, 7.79, 1.58, 0.00000881, 0.00000237, ZIC, 5.0, 8, 0.62, 0.12, 0.00000662, 0.00000035
trial0005319, AA, 85.0, 12, 7.08, 1.67, 0.00000864, 0.00000225, ZIC, 11.0, 8, 1.38, 0.25, 0.00000615, 0.00000030
trial0005320, AA, 84.75, 12, 7.06, 1.50, 0.00000892, 0.00000231, ZIC, 10.0, 8, 1.25, 0.12, 0.00000630, 0.00000029
trial0005321, AA, 106.5, 12, 8.88, 1.67, 0.00000872, 0.00000236, ZIC, 0.0, 8, 0.00, 0.00, 0.00000644, 0.00000032
trial0005322, AA, 118.5, 12, 9.88, 2.00, 0.00000892, 0.00000248, ZIC, 18.0, 8, 2.25, 0.25, 0.00000657, 0.00000032
trial0005323, AA, 55.5, 12, 4.62, 0.92, 0.00000889, 0.00000217, ZIC, 1.5, 8, 0.19, 0.12, 0.00000653, 0.00000032
trial0005324, AA, 3.0, 12, 0.25, 0.17, 0.00000853, 0.00000205, ZIC, 0.0, 8, 0.00, 0.00, 0.00000637, 0.00000034
trial0005325, AA, 150.25, 12, 12.52, 2.50, 0.00000902, 0.00000250, ZIC, 6.0, 8, 0.75, 0.12, 0.00000648, 0.00000032
trial0005326, AA, 68.5, 12, 5.71, 1.25, 0.00000877, 0.00000205, ZIC, 4.5, 8, 0.56, 0.12, 0.00000625, 0.00000032
trial0005327, AA, 131.5, 12, 10.96, 2.25, 0.00000796, 0.00000246, ZIC, 1.0, 8, 0.12, 0.12, 0.00000601, 0.00000030
trial0005328, AA, 97.5, 12, 8.12, 1.75, 0.00000879, 0.00000228, ZIC, 0.0, 8, 0.00, 0.12, 0.00000577, 0.00000027
trial0005329, AA, 249.5, 12, 20.79, 3.25, 0.00000871, 0.00000238, ZIC, 3.0, 8, 0.38, 0.25, 0.00000622, 0.00000028
trial0005330, AA, 96.75, 12, 8.06, 1.33, 0.00000830, 0.00000220, ZIC, 0.0, 8, 0.00, 0.00, 0.00000648, 0.00000033
trial0005331, AA, 85.0, 12, 7.08, 1.50, 0.00000836, 0.00000213, ZIC, 15.5, 8, 1.94, 0.25, 0.00000628, 0.00000032
trial0005332, AA, 128.0, 12, 10.67, 2.00, 0.00000845, 0.00000241, ZIC, 0.0, 8, 0.00, 0.00, 0.00000633, 0.00000030
trial0005333, AA, 105.0, 12, 8.75, 1.75, 0.00000841, 0.00000214, ZIC, 5.0, 8, 0.62, 0.12, 0.00000612, 0.00000030
trial0005334, AA, 106.0, 12, 8.83, 2.08, 0.00000899, 0.00000212, ZIC, 7.5, 8, 0.94, 0.12, 0.00000641, 0.00000031
trial0005335, AA, 4.0, 12, 0.33, 0.08, 0.00000830, 0.00000197, ZIC, 0.0, 8, 0.00, 0.00, 0.00000612, 0.00000031
trial0005336, AA, 2.5, 12, 0.21, 0.08, 0.00000868, 0.00000198, ZIC, 0.0, 8, 0.00, 0.00, 0.00000654, 0.00000036
trial0005337, AA, 75.0, 12, 6.25, 1.42, 0.00000948, 0.00000237, ZIC, 8.5, 8, 1.06, 0.12, 0.00000640, 0.00000034
trial0005338, AA, 70.0, 12, 5.83, 1.33, 0.00000895, 0.00000238, ZIC, 10.0, 8, 1.25, 0.12, 0.00000645, 0.00000031
trial0005339, AA, 151.0, 12, 12.58, 2.25, 0.00000922, 0.00000260, ZIC, 5.0, 8, 0.62, 0.12, 0.00000599, 0.00000030
trial0005340, AA, 119.0, 12, 9.92, 2.25, 0.00000881, 0.00000241, ZIC, 9.5, 8, 1.19, 0.25, 0.00000642, 0.00000033
trial0005341, AA, 128.5, 12, 10.71, 2.25, 0.00000907, 0.00000238, ZIC, 1.5, 8, 0.19, 0.25, 0.00000655, 0.00000031
trial0005342, AA, 45.0, 12, 3.75, 1.00, 0.00000850, 0.00000231, ZIC, 2.0, 8, 0.25, 0.12, 0.00000643, 0.00000031
trial0005343, AA, 128.25, 12, 10.69, 1.83, 0.00000866, 0.00000224, ZIC, 7.0, 8, 0.88, 0.25, 0.00000655, 0.00000033
trial0005344, AA, 64.5, 12, 5.38, 1.08, 0.00000914, 0.00000238, ZIC, 10.5, 8, 1.31, 0.12, 0.00000625, 0.00000032
trial0005345, AA, 29.5, 12, 2.46, 0.42, 0.00000893, 0.00000224, ZIC, 0.0, 8, 0.00, 0.00, 0.00000654, 0.00000032
trial0005346, AA, 92.0, 12, 7.67, 1.75, 0.00000882, 0.00000222, ZIC, 0.0, 8, 0.00, 0.00, 0.00000628, 0.00000031
trial0005347, AA, 65.5, 12, 5.46, 1.00, 0.00000959, 0.00000229, ZIC, 3.5, 8, 0.44, 0.12, 0.00000647, 0.00000030
trial0005348, AA, 115.5, 12, 9.62, 1.67, 0.00000889, 0.00000240, ZIC, 2.5, 8, 0.31, 0.12, 0.00000620, 0.00000031
trial0005349, AA, 51.0, 12, 4.25, 0.92, 0.00000948, 0.00000248, ZIC, 19.5, 8, 2.44, 0.38, 0.00000630, 0.00000031
trial0005350, AA, 138.5, 12, 11.54, 2.00, 0.00000895, 0.00000252, ZIC, 8.0, 8, 1.00, 0.25, 0.00000643, 0.00000029
trial0005351, AA, 188.5, 12, 15.71, 2.92, 0.00000888, 0.00000262, ZIC, 9.5, 8, 1.19, 0.25, 0.00000658, 0.00000029
trial0005352, AA, 75.0, 12, 6.25, 1.42, 0.00000861, 0.00000227, ZIC, 11.0, 8, 1.38, 0.25, 0.00000646, 0.00000034
trial0005353, AA, 29.0, 12, 2.42, 0.67, 0.00000868, 0.00000204, ZIC, 3.0, 8, 0.38, 0.12, 0.00000646, 0.00000031
trial0005354, AA, 124.25, 12, 10.35, 2.08, 0.00000916, 0.00000229, ZIC, 2.5, 8, 0.31, 0.12, 0.00000644, 0.00000029
trial0005355, AA, 219.0, 12, 18.25, 2.83, 0.00000857, 0.00000247, ZIC, 7.5, 8, 0.94, 0.12, 0.00000598, 0.00000033
trial0005356, AA, 162.0, 12, 13.50, 2.83, 0.00000854, 0.00000241, ZIC, 10.0, 8, 1.25, 0.25, 0.00000629, 0.00000030
trial0005357, AA, 59.75, 12, 4.98, 1.17, 0.00000824, 0.00000207, ZIC, 4.0, 8, 0.50, 0.12, 0.00000611, 0.00000029
trial0005358, AA, 14.5, 12, 1.21, 0.42, 0.00000901, 0.00000208, ZIC, 4.0, 8, 0.50, 0.12, 0.00000626, 0.00000028
trial0005359, AA, 221.5, 12, 18.46, 3.00, 0.00000869, 0.00000244, ZIC, 5.0, 8, 0.62, 0.38, 0.00000617, 0.00000031
trial0005360, AA, 67.0, 12, 5.58, 1.42, 0.00000827, 0.00000212, ZIC, 0.0, 8, 0.00, 0.00, 0.00000583, 0.00000028
trial0005361, AA, 67.0, 12, 5.58, 1.17, 0.00000857, 0.00000216, ZIC, 4.0, 8, 0.50, 0.25, 0.00000622, 0.00000030
trial0005362, AA, 60.5, 12, 5.04, 1.00, 0.00000892, 0.00000224, ZIC, 0.0, 8, 0.00, 0.00, 0.00000620, 0.00000030
trial0005363, AA, 182.5, 12, 15.21, 2.92, 0.00000867, 0.00000249, ZIC, 0.0, 8, 0.00, 0.00, 0.00000644, 0.00000034
trial0005364, AA, 33.0, 12, 2.75, 0.67, 0.00000903, 0.00000229, ZIC, 1.0, 8, 0.12, 0.12, 0.00000657, 0.00000031
trial0005365, AA, 105.5, 12, 8.79, 1.92, 0.00000881, 0.00000252, ZIC, 2.0, 8, 0.25, 0.12, 0.00000660, 0.00000033
trial0005366, AA, 144.5, 12, 12.04, 2.92, 0.00000885, 0.00000261, ZIC, 0.0, 8, 0.00, 0.00, 0.00000660, 0.00000033
trial0005367, AA, 9.0, 12, 0.75, 0.08, 0.00000890, 0.00000201, ZIC, 6.0, 8, 0.75, 0.25, 0.00000639, 0.00000032
trial0005368, AA, 157.0, 12, 13.08, 2.83, 0.00000867, 0.00000237, ZIC, 0.0, 8, 0.00, 0.00, 0.00000640, 0.00000033
trial0005369, AA, 181.0, 12, 15.08, 2.67, 0.00000853, 0.00000253, ZIC, 27.5, 8, 3.44, 0.50, 0.00000672, 0.00000033
trial0005370, AA, 90.5, 12, 7.54, 1.42, 0.00000896, 0.00000234, ZIC, 4.0, 8, 0.50, 0.38, 0.00000649, 0.00000032
trial0005371, AA, 88.0, 12, 7.33, 1.33, 0.00000891, 0.00000237, ZIC, 5.5, 8, 0.69, 0.12, 0.00000641, 0.00000033
trial0005372, AA, 40.5, 12, 3.38, 0.75, 0.00000893, 0.00000221, ZIC, 3.5, 8, 0.44, 0.12, 0.00000632, 0.00000033
trial0005373, AA, 178.5, 12, 14.88, 2.08, 0.00000883, 0.00000244, ZIC, 0.0, 8, 0.00, 0.00, 0.00000650, 0.00000031
trial0005374, AA, 18.0, 12, 1.50, 0.33, 0.00000894, 0.00000237, ZIC, 0.0, 8, 0.00, 0.00, 0.00000624, 0.00000034
trial0005375, AA, 126.5, 12, 10.54, 2.17, 0.00000896, 0.00000274, ZIC, 4.5, 8, 0.56, 0.12, 0.00000628, 0.00000031
trial0005376, AA, 23.5, 12, 1.96, 0.50, 0.00000880, 0.00000205, ZIC, 0.0, 8, 0.00, 0.00, 0.00000667, 0.00000033
trial0005377, AA, 0.0, 12, 0.00, 0.00, 0.00000880, 0.00000208, ZIC, 0.0, 8, 0.00, 0.00, 0.00000639, 0.00000030
trial0005378, AA, 0.0, 12, 0.00, 0.00, 0.00000914, 0.00000212, ZIC, 0.0, 8, 0.00, 0.00, 0.00000638, 0.00000034
trial0005379, AA, 26.5, 12, 2.21, 0.50, 0.00000863, 0.00000214, ZIC, 10.5, 8, 1.31, 0.25, 0.00000669, 0.00000032
trial0005380, AA, 143.75, 12, 11.98, 2.83, 0.00000877, 0.00000261, ZIC, 20.0, 8, 2.50, 0.38, 0.00000650, 0.00000034
trial0005381, AA, 67.5, 12, 5.62, 1.08, 0.00000856, 0.00000245, ZIC, 18.0, 8, 2.25, 0.62, 0.00000605, 0.00000033
trial0005382, AA, 94.0, 12, 7.83, 1.75, 0.00000849, 0.00000246, ZIC, 3.5, 8, 0.44, 0.12, 0.00000612, 0.00000032
trial0005383, AA, 68.5, 12, 5.71, 1.42, 0.00000869, 0.00000230, ZIC, 2.5, 8, 0.31, 0.12, 0.00000633, 0.00000032
trial0005384, AA, 79.5, 12, 6.62, 1.58, 0.00000874, 0.00000234, ZIC, 0.0, 8, 0.00, 0.00, 0.00000641, 0.00000031
trial0005385, AA, 163.0, 12, 13.58, 2.33, 0.00000878, 0.00000225, ZIC, 7.0, 8, 0.88, 0.38, 0.00000618, 0.00000028
trial0005386, AA, 119.0, 12, 9.92, 2.08, 0.00000869, 0.00000241, ZIC, 11.5, 8, 1.44, 0.38, 0.00000581, 0.00000029
trial0005387, AA, 68.75, 12, 5.73, 1.33, 0.00000842, 0.00000221, ZIC, 0.0, 8, 0.00, 0.00, 0.00000604, 0.00000030
trial0005388, AA, 134.5, 12, 11.21, 1.58, 0.00000874, 0.00000221, ZIC, 7.0, 8, 0.88, 0.25, 0.00000601, 0.00000030
trial0005389, AA, 81.5, 12, 6.79, 1.50, 0.00000853, 0.00000215, ZIC, 0.0, 8, 0.00, 0.12, 0.00000631, 0.00000030
trial0005390, AA, 130.75, 12, 10.90, 2.58, 0.00000833, 0.00000244, ZIC, 0.0, 8, 0.00, 0.00, 0.00000607, 0.00000030
trial0005391, AA, 92.0, 12, 7.67, 1.58, 0.00000849, 0.00000227, ZIC, 0.0, 8, 0.00, 0.00, 0.00000630, 0.00000030
trial0005392, AA, 132.0, 12, 11.00, 2.33, 0.00000916, 0.00000245, ZIC, 0.0, 8, 0.00, 0.12, 0.00000650, 0.00000035
trial0005393, AA, 72.0, 12, 6.00, 1.00, 0.00000856, 0.00000239, ZIC, 0.0, 8, 0.00, 0.00, 0.00000627, 0.00000030
trial0005394, AA, 122.5, 12, 10.21, 2.08, 0.00000845, 0.00000232, ZIC, 0.0, 8, 0.00, 0.00, 0.00000608, 0.00000029
trial0005395, AA, 76.0, 12, 6.33, 1.33, 0.00000882, 0.00000224, ZIC, 7.5, 8, 0.94, 0.12, 0.00000646, 0.00000030
trial0005396, AA, 55.25, 12, 4.60, 1.08, 0.00000887, 0.00000220, ZIC, 8.5, 8, 1.06, 0.12, 0.00000638, 0.00000031
trial0005397, AA, 113.5, 12, 9.46, 1.25, 0.00000895, 0.00000222, ZIC, 0.0, 8, 0.00, 0.00, 0.00000641, 0.00000031
trial0005398, AA, 182.5, 12, 15.21, 3.17, 0.00000867, 0.00000274, ZIC, 16.5, 8, 2.06, 0.38, 0.00000645, 0.00000031
trial0005399, AA, 32.5, 12, 2.71, 0.75, 0.00000901, 0.00000221, ZIC, 18.0, 8, 2.25, 0.38, 0.00000638, 0.00000032
trial0005400, AA, 57.5, 12, 4.79, 1.17, 0.00000903, 0.00000219, ZIC, 8.5, 8, 1.06, 0.12, 0.00000625, 0.00000028
trial0005401, AA, 1493.75, 12, 124.48, 2.08, 0.00000902, 0.00000252, ZIC, 410.5, 8, 51.31, 1.00, 0.00000631, 0.00000031
trial0005402, AA, 1269.0, 12, 105.75, 1.83, 0.00000935, 0.00000263, ZIC, 777.0, 8, 97.12, 1.75, 0.00000661, 0.00000033
trial0005403, AA, 1771.5, 12, 147.62, 2.67, 0.00000883, 0.00000305, ZIC, 485.5, 8, 60.69, 1.25, 0.00000640, 0.00000030
trial0005404, AA, 1495.25, 12, 124.60, 2.33, 0.00000890, 0.00000268, ZIC, 402.0, 8, 50.25, 1.00, 0.00000647, 0.00000030
trial0005405, AA, 1153.5, 12, 96.12, 1.67, 0.00000893, 0.00000247, ZIC, 384.25, 8, 48.03, 1.25, 0.00000622, 0.00000033
trial0005406, AA, 1646.5, 12, 137.21, 2.67, 0.00000888, 0.00000266, ZIC, 430.0, 8, 53.75, 1.12, 0.00000636, 0.00000031
trial0005407, AA, 1609.0, 12, 134.08, 2.67, 0.00000862, 0.00000240, ZIC, 702.25, 8, 87.78, 1.50, 0.00000658, 0.00000033
trial0005408, AA, 1686.0, 12, 140.50, 2.50, 0.00000896, 0.00000237, ZIC, 429.75, 8, 53.72, 1.12, 0.00000637, 0.00000033
trial0005409, AA, 1223.0, 12, 101.92, 1.67, 0.00000880, 0.00000242, ZIC, 247.75, 8, 30.97, 0.88, 0.00000634, 0.00000032
trial0005410, AA, 1636.25, 12, 136.35, 2.67, 0.00000887, 0.00000259, ZIC, 220.25, 8, 27.53, 0.50, 0.00000644, 0.00000033
trial0005411, AA, 993.0, 12, 82.75, 1.58, 0.00000874, 0.00000247, ZIC, 372.0, 8, 46.50, 0.88, 0.00000641, 0.00000032
trial0005412, AA, 1576.25, 12, 131.35, 2.25, 0.00000873, 0.00000300, ZIC, 493.5, 8, 61.69, 1.38, 0.00000605, 0.00000032
trial0005413, AA, 1152.5, 12, 96.04, 1.92, 0.00000868, 0.00000262, ZIC, 473.5, 8, 59.19, 1.12, 0.00000670, 0.00000034
trial0005414, AA, 744.5, 12, 62.04, 1.08, 0.00000870, 0.00000212, ZIC, 405.0, 8, 50.62, 1.25, 0.00000624, 0.00000033
trial0005415, AA, 1262.75, 12, 105.23, 2.33, 0.00000828, 0.00000244, ZIC, 892.25, 8, 111.53, 1.88, 0.00000601, 0.00000029
trial0005416, AA, 1563.75, 12, 130.31, 2.67, 0.00000844, 0.00000220, ZIC, 578.5, 8, 72.31, 1.12, 0.00000620, 0.00000029
trial0005417, AA, 1109.0, 12, 92.42, 1.92, 0.00000893, 0.00000262, ZIC, 957.5, 8, 119.69, 1.88, 0.00000610, 0.00000031
trial0005418, AA, 1686.0, 12, 140.50, 2.50, 0.00000803, 0.00000260, ZIC, 484.5, 8, 60.56, 1.12, 0.00000657, 0.00000031
trial0005419, AA, 1610.25, 12, 134.19, 2.33, 0.00000913, 0.00000256, ZIC, 467.25, 8, 58.41, 1.00, 0.00000641, 0.00000031
trial0005420, AA, 1368.75, 12, 114.06, 1.75, 0.00000925, 0.00000247, ZIC, 370.0, 8, 46.25, 0.88, 0.00000631, 0.00000033
trial0005421, AA, 1361.25, 12, 113.44, 2.25, 0.00000962, 0.00000284, ZIC, 402.0, 8, 50.25, 1.00, 0.00000683, 0.00000034
trial0005422, AA, 1272.5, 12, 106.04, 2.25, 0.00001013, 0.00000289, ZIC, 334.5, 8, 41.81, 0.75, 0.00000782, 0.00000037
trial0005423, AA, 1913.75, 12, 159.48, 3.17, 0.00000906, 0.00000247, ZIC, 459.5, 8, 57.44, 1.00, 0.00000633, 0.00000030
trial0005424, AA, 1731.0, 12, 144.25, 2.58, 0.00000878, 0.00000289, ZIC, 437.25, 8, 54.66, 1.50, 0.00000637, 0.00000034
trial0005425, AA, 1496.5, 12, 124.71, 2.17, 0.00000910, 0.00000246, ZIC, 564.0, 8, 70.50, 1.25, 0.00000636, 0.00000030
trial0005426, AA, 2110.5, 12, 175.88, 3.67, 0.00001156, 0.00000345, ZIC, 743.5, 8, 92.94, 1.62, 0.00000835, 0.00000036
trial0005427, AA, 1428.5, 12, 119.04, 2.00, 0.00001007, 0.00000298, ZIC, 828.0, 8, 103.50, 1.88, 0.00000712, 0.00000033
trial0005428, AA, 1756.75, 12, 146.40, 3.00, 0.00000929, 0.00000278, ZIC, 497.0, 8, 62.12, 1.12, 0.00000675, 0.00000033
trial0005429, AA, 1140.0, 12, 95.00, 2.00, 0.00000916, 0.00000238, ZIC, 615.75, 8, 76.97, 1.12, 0.00000644, 0.00000031
trial0005430, AA, 1320.5, 12, 110.04, 2.25, 0.00000942, 0.00000271, ZIC, 461.5, 8, 57.69, 1.38, 0.00000662, 0.00000031
trial0005431, AA, 1893.25, 12, 157.77, 2.75, 0.00000876, 0.00000268, ZIC, 1006.25, 8, 125.78, 2.12, 0.00000627, 0.00000032
trial0005432, AA, 2180.5, 12, 181.71, 3.58, 0.00000857, 0.00000294, ZIC, 817.5, 8, 102.19, 1.75, 0.00000687, 0.00000036
trial0005433, AA, 1107.5, 12, 92.29, 1.58, 0.00000856, 0.00000257, ZIC, 665.25, 8, 83.16, 1.62, 0.00000647, 0.00000032
trial0005434, AA, 1885.5, 12, 157.12, 2.92, 0.00000889, 0.00000256, ZIC, 348.0, 8, 43.50, 0.75, 0.00000648, 0.00000034
trial0005435, AA, 680.0, 12, 56.67, 1.17, 0.00000915, 0.00000229, ZIC, 339.75, 8, 42.47, 0.75, 0.00000649, 0.00000036
trial0005436, AA, 1977.75, 12, 164.81, 3.00, 0.00000913, 0.00000295, ZIC, 826.25, 8, 103.28, 1.75, 0.00000709, 0.00000031
trial0005437, AA, 1748.25, 12, 145.69, 2.75, 0.00000879, 0.00000266, ZIC, 693.0, 8, 86.62, 1.50, 0.00000641, 0.00000033
trial0005438, AA, 1566.5, 12, 130.54, 3.00, 0.00000867, 0.00000262, ZIC, 657.0, 8, 82.12, 1.75, 0.00000628, 0.00000031
trial0005439, AA, 2058.5, 12, 171.54, 2.92, 0.00000909, 0.00000249, ZIC, 371.5, 8, 46.44, 0.88, 0.00000674, 0.00000032
trial0005440, AA, 1851.0, 12, 154.25, 3.08, 0.00000903, 0.00000286, ZIC, 372.0, 8, 46.50, 1.00, 0.00000668, 0.00000032
trial0005441, AA, 1045.5, 12, 87.12, 1.83, 0.00001011, 0.00000253, ZIC, 367.5, 8, 45.94, 0.88, 0.00000667, 0.00000030
trial0005442, AA, 2015.0, 12, 167.92, 2.50, 0.00000902, 0.00000275, ZIC, 405.5, 8, 50.69, 0.88, 0.00000690, 0.00000032
trial0005443, AA, 1377.0, 12, 114.75, 2.33, 0.00000885, 0.00000236, ZIC, 509.5, 8, 63.69, 1.38, 0.00000658, 0.00000031
trial0005444, AA, 2085.5, 12, 173.79, 2.92, 0.00000921, 0.00000251, ZIC, 669.0, 8, 83.62, 1.88, 0.00000687, 0.00000034
trial0005445, AA, 1283.75, 12, 106.98, 1.83, 0.00000872, 0.00000240, ZIC, 210.25, 8, 26.28, 0.62, 0.00000638, 0.00000031
trial0005446, AA, 1843.0, 12, 153.58, 2.50, 0.00000834, 0.00000233, ZIC, 316.0, 8, 39.50, 0.88, 0.00000590, 0.00000028
trial0005447, AA, 1015.75, 12, 84.65, 1.75, 0.00000822, 0.00000220, ZIC, 666.0, 8, 83.25, 1.12, 0.00000618, 0.00000031
trial0005448, AA, 2133.25, 12, 177.77, 2.75, 0.00000869, 0.00000252, ZIC, 511.5, 8, 63.94, 1.12, 0.00000646, 0.00000032
trial0005449, AA, 1031.0, 12, 85.92, 1.83, 0.00000876, 0.00000260, ZIC, 746.0, 8, 93.25, 1.75, 0.00000666, 0.00000030
trial0005450, AA, 1018.25, 12, 84.85, 1.33, 0.00001014, 0.00000244, ZIC, 476.5, 8, 59.56, 1.12, 0.00000711, 0.00000035
trial0005451, AA, 1585.0, 12, 132.08, 2.92, 0.00001028, 0.00000278, ZIC, 767.0, 8, 95.88, 1.50, 0.00000764, 0.00000036
trial0005452, AA, 1278.0, 12, 106.50, 2.00, 0.00000908, 0.00000261, ZIC, 971.25, 8, 121.41, 2.00, 0.00000663, 0.00000034
trial0005453, AA, 1722.5, 12, 143.54, 2.58, 0.00000926, 0.00000260, ZIC, 205.5, 8, 25.69, 0.75, 0.00000676, 0.00000033
trial0005454, AA, 795.5, 12, 66.29, 1.33, 0.00000842, 0.00000244, ZIC, 783.75, 8, 97.97, 1.75, 0.00000603, 0.00000032
trial0005455, AA, 598.0, 12, 49.83, 1.00, 0.00001007, 0.00000282, ZIC, 608.5, 8, 76.06, 1.62, 0.00000721, 0.00000032
trial0005456, AA, 2335.25, 12, 194.60, 4.08, 0.00000996, 0.00000251, ZIC, 687.25, 8, 85.91, 1.12, 0.00000704, 0.00000035
trial0005457, AA, 1642.5, 12, 136.88, 2.75, 0.00000951, 0.00000266, ZIC, 649.0, 8, 81.12, 1.12, 0.00000652, 0.00000031
trial0005458, AA, 1592.75, 12, 132.73, 2.00, 0.00000843, 0.00000261, ZIC, 1078.0, 8, 134.75, 2.00, 0.00000633, 0.00000032
trial0005459, AA, 1255.5, 12, 104.62, 1.75, 0.00000869, 0.00000284, ZIC, 781.5, 8, 97.69, 1.50, 0.00000671, 0.00000030
trial0005460, AA, 2031.0, 12, 169.25, 2.83, 0.00000902, 0.00000266, ZIC, 282.0, 8, 35.25, 0.62, 0.00000659, 0.00000033
trial0005461, AA, 2052.0, 12, 171.00, 3.58, 0.00000914, 0.00000257, ZIC, 268.5, 8, 33.56, 0.62, 0.00000635, 0.00000033
trial0005462, AA, 1633.5, 12, 136.12, 2.75, 0.00000893, 0.00000256, ZIC, 304.5, 8, 38.06, 1.25, 0.00000658, 0.00000032
trial0005463, AA, 1720.5, 12, 143.38, 2.58, 0.00000913, 0.00000260, ZIC, 398.5, 8, 49.81, 1.00, 0.00000681, 0.00000034
trial0005464, AA, 1616.5, 12, 134.71, 2.75, 0.00000897, 0.00000275, ZIC, 437.0, 8, 54.62, 1.00, 0.00000650, 0.00000034
trial0005465, AA, 1245.0, 12, 103.75, 2.33, 0.00000931, 0.00000260, ZIC, 451.0, 8, 56.38, 1.00, 0.00000664, 0.00000032
trial0005466, AA, 1411.75, 12, 117.65, 2.17, 0.00000902, 0.00000262, ZIC, 397.0, 8, 49.62, 1.00, 0.00000627, 0.00000033
trial0005467, AA, 891.5, 12, 74.29, 1.17, 0.00000872, 0.00000220, ZIC, 413.0, 8, 51.62, 0.88, 0.00000637, 0.00000033
trial0005468, AA, 1106.5, 12, 92.21, 1.67, 0.00000885, 0.00000251, ZIC, 336.5, 8, 42.06, 0.88, 0.00000642, 0.00000034
trial0005469, AA, 1738.5, 12, 144.88, 2.25, 0.00000901, 0.00000276, ZIC, 958.5, 8, 119.81, 1.62, 0.00000683, 0.00000031
trial0005470, AA, 1632.5, 12, 136.04, 2.92, 0.00001019, 0.00000271, ZIC, 519.5, 8, 64.94, 1.38, 0.00000693, 0.00000032
trial0005471, AA, 532.5, 12, 44.38, 0.75, 0.00000965, 0.00000240, ZIC, 457.25, 8, 57.16, 0.88, 0.00000694, 0.00000032
trial0005472, AA, 1286.0, 12, 107.17, 2.17, 0.00000989, 0.00000264, ZIC, 537.75, 8, 67.22, 1.75, 0.00000717, 0.00000033
trial0005473, AA, 1269.75, 12, 105.81, 2.08, 0.00000958, 0.00000249, ZIC, 479.0, 8, 59.88, 0.62, 0.00000647, 0.00000031
trial0005474, AA, 1237.75, 12, 103.15, 1.75, 0.00001119, 0.00000361, ZIC, 794.5, 8, 99.31, 1.62, 0.00000844, 0.00000039
trial0005475, AA, 933.5, 12, 77.79, 1.75, 0.00001074, 0.00000298, ZIC, 482.0, 8, 60.25, 1.12, 0.00000760, 0.00000036
trial0005476, AA, 2015.5, 12, 167.96, 3.50, 0.00000922, 0.00000269, ZIC, 250.5, 8, 31.31, 0.62, 0.00000675, 0.00000033
trial0005477, AA, 1725.75, 12, 143.81, 2.75, 0.00000903, 0.00000254, ZIC, 519.75, 8, 64.97, 1.38, 0.00000687, 0.00000030
trial0005478, AA, 1188.0, 12, 99.00, 1.83, 0.00000909, 0.00000235, ZIC, 454.5, 8, 56.81, 1.12, 0.00000692, 0.00000033
trial0005479, AA, 2426.25, 12, 202.19, 3.42, 0.00000869, 0.00000238, ZIC, 491.0, 8, 61.38, 1.38, 0.00000651, 0.00000031
trial0005480, AA, 1075.0, 12, 89.58, 2.17, 0.00000905, 0.00000274, ZIC, 525.0, 8, 65.62, 1.25, 0.00000625, 0.00000029
trial0005481, AA, 1384.5, 12, 115.38, 2.92, 0.00000862, 0.00000247, ZIC, 766.5, 8, 95.81, 1.62, 0.00000663, 0.00000030
trial0005482, AA, 1167.5, 12, 97.29, 1.75, 0.00000941, 0.00000273, ZIC, 534.0, 8, 66.75, 1.25, 0.00000664, 0.00000031
trial0005483, AA, 1483.75, 12, 123.65, 1.75, 0.00001002, 0.00000252, ZIC, 540.75, 8, 67.59, 1.25, 0.00000675, 0.00000031
trial0005484, AA, 1829.75, 12, 152.48, 3.08, 0.00001479, 0.00000307, ZIC, 809.75, 8, 101.22, 1.50, 0.00000831, 0.00000039
trial0005485, AA, 2009.0, 12, 167.42, 2.83, 0.00000975, 0.00000268, ZIC, 288.5, 8, 36.06, 1.00, 0.00000757, 0.00000034
trial0005486, AA, 1400.5, 12, 116.71, 1.92, 0.00000951, 0.00000266, ZIC, 640.5, 8, 80.06, 1.50, 0.00000691, 0.00000034
trial0005487, AA, 1514.0, 12, 126.17, 2.25, 0.00001004, 0.00000253, ZIC, 549.5, 8, 68.69, 1.00, 0.00000726, 0.00000034
trial0005488, AA, 1606.25, 12, 133.85, 2.75, 0.00000878, 0.00000243, ZIC, 747.5, 8, 93.44, 1.62, 0.00000637, 0.00000031
trial0005489, AA, 2578.25, 12, 214.85, 4.33, 0.00000913, 0.00000254, ZIC, 447.5, 8, 55.94, 1.12, 0.00000644, 0.00000032
trial0005490, AA, 1527.75, 12, 127.31, 2.17, 0.00000911, 0.00000266, ZIC, 675.25, 8, 84.41, 1.62, 0.00000631, 0.00000031
trial0005491, AA, 1324.75, 12, 110.40, 2.17, 0.00000944, 0.00000254, ZIC, 135.5, 8, 16.94, 0.62, 0.00000662, 0.00000032
trial0005492, AA, 1420.5, 12, 118.38, 2.00, 0.00000914, 0.00000255, ZIC, 548.75, 8, 68.59, 1.38, 0.00000648, 0.00000031
trial0005493, AA, 728.0, 12, 60.67, 1.17, 0.00000901, 0.00000221, ZIC, 533.5, 8, 66.69, 1.00, 0.00000642, 0.00000028
trial0005494, AA, 1455.0, 12, 121.25, 2.08, 0.00000909, 0.00000251, ZIC, 237.0, 8, 29.62, 0.75, 0.00000660, 0.00000033
trial0005495, AA, 1967.0, 12, 163.92, 3.25, 0.00000922, 0.00000259, ZIC, 562.5, 8, 70.31, 1.12, 0.00000668, 0.00000034
trial0005496, AA, 2181.25, 12, 181.77, 3.08, 0.00000887, 0.00000265, ZIC, 495.75, 8, 61.97, 1.88, 0.00000645, 0.00000031
trial0005497, AA, 1572.5, 12, 131.04, 2.58, 0.00000909, 0.00000252, ZIC, 741.0, 8, 92.62, 1.62, 0.00000645, 0.00000033
trial0005498, AA, 1429.5, 12, 119.12, 2.50, 0.00000991, 0.00000257, ZIC, 422.5, 8, 52.81, 0.88, 0.00000710, 0.00000033
trial0005499, AA, 1728.0, 12, 144.00, 2.83, 0.00001012, 0.00000272, ZIC, 392.0, 8, 49.00, 1.25, 0.00000696, 0.00000034
trial0005500, AA, 1236.5, 12, 103.04, 2.08, 0.00000952, 0.00000276, ZIC, 540.5, 8, 67.56, 1.38, 0.00000726, 0.00000033
trial0005501, AA, 484.0, 12, 40.33, 1.50, 0.00000889, 0.00000226, ZIC, 81.5, 8, 10.19, 0.38, 0.00000675, 0.00000031
trial0005502, AA, 618.75, 12, 51.56, 2.42, 0.00000882, 0.00000259, ZIC, 36.0, 8, 4.50, 0.25, 0.00000600, 0.00000030
trial0005503, AA, 559.5, 12, 46.62, 1.75, 0.00000951, 0.00000252, ZIC, 111.0, 8, 13.88, 0.50, 0.00000702, 0.00000034
trial0005504, AA, 337.5, 12, 28.12, 1.58, 0.00001119, 0.00000305, ZIC, 141.5, 8, 17.69, 1.00, 0.00000756, 0.00000046
trial0005505, AA, 369.5, 12, 30.79, 1.08, 0.00001125, 0.00000263, ZIC, 126.0, 8, 15.75, 0.50, 0.00000746, 0.00000032
trial0005506, AA, 823.75, 12, 68.65, 2.50, 0.00000906, 0.00000271, ZIC, 260.25, 8, 32.53, 1.38, 0.00000679, 0.00000032
trial0005507, AA, 888.75, 12, 74.06, 3.67, 0.00000886, 0.00000242, ZIC, 91.0, 8, 11.38, 0.50, 0.00000686, 0.00000029
trial0005508, AA, 603.5, 12, 50.29, 2.25, 0.00000881, 0.00000239, ZIC, 80.5, 8, 10.06, 0.62, 0.00000593, 0.00000034
trial0005509, AA, 546.25, 12, 45.52, 2.42, 0.00000900, 0.00000234, ZIC, 297.0, 8, 37.12, 1.25, 0.00000661, 0.00000036
trial0005510, AA, 804.5, 12, 67.04, 2.58, 0.00000994, 0.00000274, ZIC, 64.25, 8, 8.03, 0.50, 0.00000814, 0.00000035
trial0005511, AA, 376.5, 12, 31.38, 1.25, 0.00000897, 0.00000252, ZIC, 204.75, 8, 25.59, 0.62, 0.00000676, 0.00000033
trial0005512, AA, 529.0, 12, 44.08, 1.67, 0.00000896, 0.00000234, ZIC, 57.0, 8, 7.12, 0.50, 0.00000661, 0.00000033
trial0005513, AA, 328.5, 12, 27.38, 1.58, 0.00001070, 0.00000261, ZIC, 157.5, 8, 19.69, 0.88, 0.00000699, 0.00000033
trial0005514, AA, 755.5, 12, 62.96, 2.17, 0.00001087, 0.00000268, ZIC, 246.5, 8, 30.81, 1.25, 0.00000675, 0.00000033
trial0005515, AA, 345.5, 12, 28.79, 0.92, 0.00000959, 0.00000241, ZIC, 74.75, 8, 9.34, 0.50, 0.00000706, 0.00000032
trial0005516, AA, 634.5, 12, 52.88, 2.08, 0.00000948, 0.00000238, ZIC, 60.5, 8, 7.56, 0.38, 0.00000675, 0.00000032
trial0005517, AA, 589.0, 12, 49.08, 1.92, 0.00000930, 0.00000232, ZIC, 161.5, 8, 20.19, 0.50, 0.00000647, 0.00000034
trial0005518, AA, 539.0, 12, 44.92, 1.58, 0.00000904, 0.00000241, ZIC, 156.5, 8, 19.56, 0.88, 0.00000646, 0.00000030
trial0005519, AA, 673.5, 12, 56.12, 2.08, 0.00000874, 0.00000244, ZIC, 66.5, 8, 8.31, 0.50, 0.00000670, 0.00000030
trial0005520, AA, 567.0, 12, 47.25, 1.92, 0.00000892, 0.00000226, ZIC, 104.25, 8, 13.03, 0.88, 0.00000640, 0.00000030
trial0005521, AA, 773.0, 12, 64.42, 3.08, 0.00000935, 0.00000294, ZIC, 156.5, 8, 19.56, 0.75, 0.00000660, 0.00000039
trial0005522, AA, 460.25, 12, 38.35, 1.92, 0.00000948, 0.00000220, ZIC, 84.0, 8, 10.50, 0.50, 0.00000685, 0.00000033
trial0005523, AA, 676.0, 12, 56.33, 2.50, 0.00000921, 0.00000271, ZIC, 118.5, 8, 14.81, 0.75, 0.00000654, 0.00000033
trial0005524, AA, 850.5, 12, 70.88, 2.67, 0.00000890, 0.00000274, ZIC, 156.0, 8, 19.50, 0.75, 0.00000653, 0.00000032
trial0005525, AA, 555.0, 12, 46.25, 2.17, 0.00000874, 0.00000264, ZIC, 21.5, 8, 2.69, 0.25, 0.00000636, 0.00000033
trial0005526, AA, 337.75, 12, 28.15, 1.17, 0.00000882, 0.00000240, ZIC, 150.0, 8, 18.75, 0.88, 0.00000634, 0.00000034
trial0005527, AA, 841.25, 12, 70.10, 2.58, 0.00000927, 0.00000236, ZIC, 16.5, 8, 2.06, 0.25, 0.00000682, 0.00000032
trial0005528, AA, 979.5, 12, 81.62, 3.00, 0.00000914, 0.00000256, ZIC, 194.5, 8, 24.31, 1.25, 0.00000652, 0.00000032
trial0005529, AA, 570.0, 12, 47.50, 2.33, 0.00000933, 0.00000238, ZIC, 83.5, 8, 10.44, 0.38, 0.00000645, 0.00000034
trial0005530, AA, 471.0, 12, 39.25, 1.83, 0.00000930, 0.00000208, ZIC, 52.0, 8, 6.50, 0.25, 0.00000648, 0.00000032
trial0005531, AA, 832.75, 12, 69.40, 2.83, 0.00000922, 0.00000261, ZIC, 305.25, 8, 38.16, 1.12, 0.00000641, 0.00000034
trial0005532, AA, 635.0, 12, 52.92, 2.58, 0.00000854, 0.00000262, ZIC, 206.0, 8, 25.75, 1.00, 0.00000644, 0.00000029
trial0005533, AA, 807.0, 12, 67.25, 2.67, 0.00000858, 0.00000241, ZIC, 86.0, 8, 10.75, 0.50, 0.00000665, 0.00000032
trial0005534, AA, 339.5, 12, 28.29, 1.17, 0.00000821, 0.00000210, ZIC, 221.5, 8, 27.69, 1.00, 0.00000600, 0.00000030
trial0005535, AA, 559.0, 12, 46.58, 2.17, 0.00000849, 0.00000232, ZIC, 102.5, 8, 12.81, 0.50, 0.00000615, 0.00000029
trial0005536, AA, 504.0, 12, 42.00, 1.75, 0.00000901, 0.00000237, ZIC, 63.0, 8, 7.88, 0.38, 0.00000620, 0.00000030
trial0005537, AA, 760.5, 12, 63.38, 2.50, 0.00000937, 0.00000221, ZIC, 178.0, 8, 22.25, 0.75, 0.00000653, 0.00000031
trial0005538, AA, 576.5, 12, 48.04, 2.33, 0.00000954, 0.00000308, ZIC, 189.5, 8, 23.69, 0.88, 0.00000879, 0.00000034
trial0005539, AA, 569.5, 12, 47.46, 2.17, 0.00000978, 0.00000251, ZIC, 190.0, 8, 23.75, 1.38, 0.00000713, 0.00000034
trial0005540, AA, 864.0, 12, 72.00, 3.00, 0.00000899, 0.00000243, ZIC, 148.5, 8, 18.56, 0.75, 0.00000622, 0.00000031
trial0005541, AA, 355.5, 12, 29.62, 1.33, 0.00000934, 0.00000238, ZIC, 54.75, 8, 6.84, 0.38, 0.00000675, 0.00000031
trial0005542, AA, 304.5, 12, 25.38, 1.00, 0.00000918, 0.00000232, ZIC, 124.0, 8, 15.50, 0.62, 0.00000655, 0.00000032
trial0005543, AA, 302.5, 12, 25.21, 1.00, 0.00000931, 0.00000217, ZIC, 109.0, 8, 13.62, 0.62, 0.00000657, 0.00000030
trial0005544, AA, 651.75, 12, 54.31, 2.33, 0.00000887, 0.00000269, ZIC, 144.0, 8, 18.00, 0.75, 0.00000706, 0.00000033
trial0005545, AA, 549.5, 12, 45.79, 2.08, 0.00000912, 0.00000263, ZIC, 114.0, 8, 14.25, 0.75, 0.00000684, 0.00000034
trial0005546, AA, 955.0, 12, 79.58, 3.17, 0.00000923, 0.00000281, ZIC, 135.0, 8, 16.88, 0.88, 0.00000685, 0.00000031
trial0005547, AA, 567.5, 12, 47.29, 2.08, 0.00000907, 0.00000238, ZIC, 143.0, 8, 17.88, 0.75, 0.00000650, 0.00000031
trial0005548, AA, 518.0, 12, 43.17, 2.00, 0.00000872, 0.00000231, ZIC, 58.75, 8, 7.34, 0.25, 0.00000625, 0.00000031
trial0005549, AA, 683.0, 12, 56.92, 2.75, 0.00000859, 0.00000253, ZIC, 105.5, 8, 13.19, 0.62, 0.00000653, 0.00000033
trial0005550, AA, 322.0, 12, 26.83, 1.08, 0.00000968, 0.00000244, ZIC, 238.0, 8, 29.75, 0.88, 0.00000659, 0.00000030
trial0005551, AA, 599.0, 12, 49.92, 2.33, 0.00000913, 0.00000220, ZIC, 89.5, 8, 11.19, 0.75, 0.00000624, 0.00000033
trial0005552, AA, 836.5, 12, 69.71, 2.67, 0.00000843, 0.00000251, ZIC, 143.0, 8, 17.88, 0.62, 0.00000626, 0.00000032
trial0005553, AA, 716.0, 12, 59.67, 2.08, 0.00000916, 0.00000255, ZIC, 105.5, 8, 13.19, 0.50, 0.00000636, 0.00000031
trial0005554, AA, 544.0, 12, 45.33, 1.92, 0.00000883, 0.00000233, ZIC, 122.0, 8, 15.25, 0.50, 0.00000655, 0.00000037
trial0005555, AA, 976.0, 12, 81.33, 3.75, 0.00000897, 0.00000278, ZIC, 102.5, 8, 12.81, 0.62, 0.00000624, 0.00000031
trial0005556, AA, 412.5, 12, 34.38, 1.67, 0.00000909, 0.00000230, ZIC, 136.25, 8, 17.03, 0.62, 0.00000648, 0.00000032
trial0005557, AA, 568.75, 12, 47.40, 1.92, 0.00000868, 0.00000226, ZIC, 194.5, 8, 24.31, 1.12, 0.00000630, 0.00000031
trial0005558, AA, 754.0, 12, 62.83, 2.17, 0.00000894, 0.00000256, ZIC, 111.0, 8, 13.88, 0.62, 0.00000640, 0.00000033
trial0005559, AA, 805.5, 12, 67.12, 2.92, 0.00000841, 0.00000260, ZIC, 164.0, 8, 20.50, 0.75, 0.00000668, 0.00000034
trial0005560, AA, 564.5, 12, 47.04, 2.08, 0.00000896, 0.00000264, ZIC, 112.0, 8, 14.00, 0.50, 0.00000643, 0.00000032
trial0005561, AA, 645.25, 12, 53.77, 1.83, 0.00000902, 0.00000236, ZIC, 65.0, 8, 8.12, 0.50, 0.00000666, 0.00000032
trial0005562, AA, 189.5, 12, 15.79, 0.58, 0.00000888, 0.00000220, ZIC, 179.0, 8, 22.38, 0.62, 0.00000640, 0.00000033
trial0005563, AA, 614.0, 12, 51.17, 2.08, 0.00000855, 0.00000203, ZIC, 95.0, 8, 11.88, 0.38, 0.00000604, 0.00000032
trial0005564, AA, 529.75, 12, 44.15, 2.33, 0.00000817, 0.00000245, ZIC, 61.75, 8, 7.72, 0.50, 0.00000603, 0.00000028
trial0005565, AA, 504.5, 12, 42.04, 1.58, 0.00000894, 0.00000242, ZIC, 116.5, 8, 14.56, 0.75, 0.00000634, 0.00000029
trial0005566, AA, 770.5, 12, 64.21, 3.08, 0.00000916, 0.00000237, ZIC, 142.5, 8, 17.81, 0.62, 0.00000626, 0.00000032
trial0005567, AA, 790.5, 12, 65.88, 2.75, 0.00000901, 0.00000250, ZIC, 234.5, 8, 29.31, 1.12, 0.00000635, 0.00000029
trial0005568, AA, 592.5, 12, 49.38, 2.08, 0.00000906, 0.00000249, ZIC, 199.0, 8, 24.88, 0.88, 0.00000593, 0.00000031
trial0005569, AA, 748.0, 12, 62.33, 2.42, 0.00000884, 0.00000232, ZIC, 41.5, 8, 5.19, 0.38, 0.00000643, 0.00000031
trial0005570, AA, 540.0, 12, 45.00, 1.50, 0.00000910, 0.00000226, ZIC, 139.0, 8, 17.38, 0.50, 0.00000652, 0.00000032
trial0005571, AA, 402.5, 12, 33.54, 1.58, 0.00000893, 0.00000243, ZIC, 145.5, 8, 18.19, 0.62, 0.00000626, 0.00000030
trial0005572, AA, 732.0, 12, 61.00, 2.75, 0.00000911, 0.00000267, ZIC, 42.0, 8, 5.25, 0.38, 0.00000649, 0.00000032
trial0005573, AA, 856.0, 12, 71.33, 2.67, 0.00000869, 0.00000230, ZIC, 132.0, 8, 16.50, 0.50, 0.00000619, 0.00000034
trial0005574, AA, 461.0, 12, 38.42, 1.58, 0.00000886, 0.00000239, ZIC, 116.5, 8, 14.56, 0.75, 0.00000607, 0.00000032
trial0005575, AA, 697.5, 12, 58.12, 2.67, 0.00000919, 0.00000230, ZIC, 110.5, 8, 13.81, 0.50, 0.00000626, 0.00000034
trial0005576, AA, 188.5, 12, 15.71, 0.67, 0.00000925, 0.00000226, ZIC, 144.5, 8, 18.06, 0.50, 0.00000661, 0.00000032
trial0005577, AA, 774.5, 12, 64.54, 2.58, 0.00000928, 0.00000261, ZIC, 163.0, 8, 20.38, 0.50, 0.00000638, 0.00000032
trial0005578, AA, 553.5, 12, 46.12, 2.42, 0.00000912, 0.00000259, ZIC, 214.5, 8, 26.81, 1.38, 0.00000639, 0.00000031
trial0005579, AA, 668.5, 12, 55.71, 2.50, 0.00000858, 0.00000250, ZIC, 116.5, 8, 14.56, 0.62, 0.00000644, 0.00000032
trial0005580, AA, 531.5, 12, 44.29, 1.92, 0.00000858, 0.00000251, ZIC, 59.5, 8, 7.44, 0.50, 0.00000636, 0.00000033
trial0005581, AA, 420.5, 12, 35.04, 1.50, 0.00000903, 0.00000240, ZIC, 45.5, 8, 5.69, 0.25, 0.00000602, 0.00000030
trial0005582, AA, 796.0, 12, 66.33, 2.75, 0.00000927, 0.00000262, ZIC, 305.0, 8, 38.12, 1.12, 0.00000650, 0.00000032
trial0005583, AA, 636.5, 12, 53.04, 2.17, 0.00000887, 0.00000263, ZIC, 126.5, 8, 15.81, 0.75, 0.00000607, 0.00000031
trial0005584, AA, 937.5, 12, 78.12, 2.75, 0.00000887, 0.00000249, ZIC, 267.0, 8, 33.38, 1.50, 0.00000641, 0.00000035
trial0005585, AA, 332.0, 12, 27.67, 1.25, 0.00000897, 0.00000227, ZIC, 105.0, 8, 13.12, 0.50, 0.00000649, 0.00000031
trial0005586, AA, 573.5, 12, 47.79, 1.58, 0.00000880, 0.00000236, ZIC, 105.5, 8, 13.19, 0.75, 0.00000640, 0.00000034
trial0005587, AA, 681.5, 12, 56.79, 2.33, 0.00000894, 0.00000247, ZIC, 135.0, 8, 16.88, 0.75, 0.00000634, 0.00000031
trial0005588, AA, 531.5, 12, 44.29, 2.08, 0.00000930, 0.00000255, ZIC, 182.0, 8, 22.75, 0.88, 0.00000664, 0.00000032
trial0005589, AA, 861.5, 12, 71.79, 2.83, 0.00000897, 0.00000250, ZIC, 160.0, 8, 20.00, 0.62, 0.00000636, 0.00000032
trial0005590, AA, 497.5, 12, 41.46, 2.08, 0.00000906, 0.00000234, ZIC, 68.0, 8, 8.50, 0.38, 0.00000664, 0.00000035
trial0005591, AA, 491.25, 12, 40.94, 2.17, 0.00000885, 0.00000229, ZIC, 86.5, 8, 10.81, 0.38, 0.00000612, 0.00000032
trial0005592, AA, 447.0, 12, 37.25, 1.33, 0.00000841, 0.00000232, ZIC, 150.5, 8, 18.81, 0.75, 0.00000608, 0.00000036
trial0005593, AA, 441.5, 12, 36.79, 1.25, 0.00000817, 0.00000228, ZIC, 88.0, 8, 11.00, 0.50, 0.00000579, 0.00000028
trial0005594, AA, 675.0, 12, 56.25, 2.33, 0.00000907, 0.00000276, ZIC, 175.5, 8, 21.94, 0.88, 0.00000625, 0.00000030
trial0005595, AA, 276.0, 12, 23.00, 1.00, 0.00000831, 0.00000219, ZIC, 101.5, 8, 12.69, 0.88, 0.00000626, 0.00000030
trial0005596, AA, 475.0, 12, 39.58, 1.58, 0.00000879, 0.00000223, ZIC, 170.5, 8, 21.31, 0.88, 0.00000605, 0.00000030
trial0005597, AA, 468.0, 12, 39.00, 1.83, 0.00000858, 0.00000256, ZIC, 217.75, 8, 27.22, 0.88, 0.00000634, 0.00000033
trial0005598, AA, 851.0, 12, 70.92, 2.83, 0.00000849, 0.00000263, ZIC, 114.5, 8, 14.31, 0.62, 0.00000643, 0.00000031
trial0005599, AA, 374.0, 12, 31.17, 1.08, 0.00000856, 0.00000237, ZIC, 165.5, 8, 20.69, 1.25, 0.00000625, 0.00000029
trial0005600, AA, 501.0, 12, 41.75, 2.00, 0.00000892, 0.00000233, ZIC, 139.5, 8, 17.44, 0.75, 0.00000631, 0.00000032
trial0005601, AA, 569.0, 12, 47.42, 0.92, 0.00000877, 0.00000244, ZIC, 221.0, 8, 27.62, 0.50, 0.00000642, 0.00000033
trial0005602, AA, 849.5, 12, 70.79, 2.17, 0.00000896, 0.00000233, ZIC, 364.75, 8, 45.59, 1.12, 0.00000648, 0.00000032
trial0005603, AA, 826.0, 12, 68.83, 1.67, 0.00000914, 0.00000248, ZIC, 429.25, 8, 53.66, 1.25, 0.00000643, 0.00000032
trial0005604, AA, 1163.5, 12, 96.96, 2.42, 0.00000886, 0.00000242, ZIC, 245.5, 8, 30.69, 1.00, 0.00000649, 0.00000033
trial0005605, AA, 1423.5, 12, 118.62, 2.50, 0.00000903, 0.00000268, ZIC, 225.25, 8, 28.16, 0.75, 0.00000661, 0.00000034
trial0005606, AA, 1158.0, 12, 96.50, 2.58, 0.00000890, 0.00000252, ZIC, 113.5, 8, 14.19, 0.62, 0.00000634, 0.00000030
trial0005607, AA, 794.5, 12, 66.21, 1.83, 0.00000886, 0.00000228, ZIC, 173.0, 8, 21.62, 0.50, 0.00000634, 0.00000035
trial0005608, AA, 1121.0, 12, 93.42, 2.58, 0.00000902, 0.00000259, ZIC, 384.0, 8, 48.00, 1.12, 0.00000609, 0.00000032
trial0005609, AA, 936.25, 12, 78.02, 2.25, 0.00000888, 0.00000239, ZIC, 615.75, 8, 76.97, 1.50, 0.00000614, 0.00000035
trial0005610, AA, 302.0, 12, 25.17, 0.50, 0.00000857, 0.00000201, ZIC, 6.0, 8, 0.75, 0.12, 0.00000664, 0.00000034
trial0005611, AA, 1085.5, 12, 90.46, 2.00, 0.00000899, 0.00000230, ZIC, 240.5, 8, 30.06, 0.88, 0.00000639, 0.00000032
trial0005612, AA, 472.75, 12, 39.40, 1.17, 0.00000868, 0.00000211, ZIC, 438.25, 8, 54.78, 1.00, 0.00000601, 0.00000030
trial0005613, AA, 1153.0, 12, 96.08, 2.67, 0.00000925, 0.00000293, ZIC, 342.0, 8, 42.75, 1.25, 0.00000633, 0.00000032
trial0005614, AA, 1158.0, 12, 96.50, 2.00, 0.00000881, 0.00000227, ZIC, 290.5, 8, 36.31, 1.00, 0.00000610, 0.00000032
trial0005615, AA, 897.5, 12, 74.79, 1.92, 0.00000875, 0.00000237, ZIC, 285.5, 8, 35.69, 1.12, 0.00000673, 0.00000034
trial0005616, AA, 1614.0, 12, 134.50, 3.92, 0.00000889, 0.00000278, ZIC, 651.5, 8, 81.44, 1.75, 0.00000632, 0.00000032
trial0005617, AA, 1187.5, 12, 98.96, 2.08, 0.00000922, 0.00000264, ZIC, 119.5, 8, 14.94, 0.50, 0.00000634, 0.00000029
trial0005618, AA, 1268.0, 12, 105.67, 2.92, 0.00000935, 0.00000271, ZIC, 534.5, 8, 66.81, 1.50, 0.00000632, 0.00000035
trial0005619, AA, 913.5, 12, 76.12, 1.83, 0.00000874, 0.00000282, ZIC, 260.5, 8, 32.56, 0.88, 0.00000639, 0.00000030
trial0005620, AA, 904.0, 12, 75.33, 2.17, 0.00000890, 0.00000239, ZIC, 476.5, 8, 59.56, 1.38, 0.00000624, 0.00000033
trial0005621, AA, 831.5, 12, 69.29, 1.83, 0.00000861, 0.00000239, ZIC, 214.0, 8, 26.75, 0.62, 0.00000590, 0.00000030
trial0005622, AA, 712.25, 12, 59.35, 1.50, 0.00000850, 0.00000212, ZIC, 139.0, 8, 17.38, 0.62, 0.00000595, 0.00000030
trial0005623, AA, 1188.25, 12, 99.02, 3.08, 0.00000865, 0.00000262, ZIC, 289.5, 8, 36.19, 1.12, 0.00000600, 0.00000028
trial0005624, AA, 1043.0, 12, 86.92, 2.00, 0.00000897, 0.00000232, ZIC, 307.5, 8, 38.44, 0.88, 0.00000639, 0.00000030
trial0005625, AA, 1164.75, 12, 97.06, 2.58, 0.00000860, 0.00000257, ZIC, 176.5, 8, 22.06, 0.75, 0.00000654, 0.00000030
trial0005626, AA, 872.5, 12, 72.71, 1.83, 0.00000868, 0.00000247, ZIC, 141.0, 8, 17.62, 0.75, 0.00000603, 0.00000032
trial0005627, AA, 1105.0, 12, 92.08, 2.42, 0.00000879, 0.00000223, ZIC, 241.5, 8, 30.19, 0.62, 0.00000647, 0.00000036
trial0005628, AA, 1419.0, 12, 118.25, 3.00, 0.00000917, 0.00000287, ZIC, 486.5, 8, 60.81, 1.38, 0.00000665, 0.00000032
trial0005629, AA, 961.0, 12, 80.08, 1.83, 0.00000908, 0.00000239, ZIC, 190.5, 8, 23.81, 0.75, 0.00000639, 0.00000036
trial0005630, AA, 1620.25, 12, 135.02, 3.75, 0.00000877, 0.00000275, ZIC, 370.75, 8, 46.34, 1.38, 0.00000644, 0.00000032
trial0005631, AA, 1031.5, 12, 85.96, 1.92, 0.00000890, 0.00000269, ZIC, 372.0, 8, 46.50, 1.00, 0.00000649, 0.00000033
trial0005632, AA, 798.0, 12, 66.50, 1.67, 0.00000864, 0.00000233, ZIC, 242.5, 8, 30.31, 0.62, 0.00000648, 0.00000032
trial0005633, AA, 625.5, 12, 52.12, 1.25, 0.00000886, 0.00000242, ZIC, 373.5, 8, 46.69, 0.88, 0.00000657, 0.00000031
trial0005634, AA, 765.0, 12, 63.75, 1.42, 0.00000873, 0.00000222, ZIC, 236.0, 8, 29.50, 0.75, 0.00000645, 0.00000031
trial0005635, AA, 1056.0, 12, 88.00, 2.50, 0.00000911, 0.00000236, ZIC, 207.5, 8, 25.94, 1.00, 0.00000636, 0.00000031
trial0005636, AA, 805.0, 12, 67.08, 2.50, 0.00000865, 0.00000254, ZIC, 353.0, 8, 44.12, 1.00, 0.00000610, 0.00000033
trial0005637, AA, 624.0, 12, 52.00, 1.42, 0.00000921, 0.00000241, ZIC, 314.5, 8, 39.31, 0.75, 0.00000635, 0.00000031
trial0005638, AA, 682.5, 12, 56.88, 1.17, 0.00000852, 0.00000238, ZIC, 262.5, 8, 32.81, 0.88, 0.00000646, 0.00000032
trial0005639, AA, 961.5, 12, 80.12, 1.83, 0.00000904, 0.00000233, ZIC, 100.0, 8, 12.50, 0.38, 0.00000627, 0.00000031
trial0005640, AA, 1134.0, 12, 94.50, 2.42, 0.00000898, 0.00000259, ZIC, 89.0, 8, 11.12, 0.38, 0.00000647, 0.00000030
trial0005641, AA, 1356.75, 12, 113.06, 3.08, 0.00000858, 0.00000258, ZIC, 311.5, 8, 38.94, 1.00, 0.00000606, 0.00000030
trial0005642, AA, 1098.0, 12, 91.50, 2.50, 0.00000921, 0.00000209, ZIC, 224.25, 8, 28.03, 1.00, 0.00000648, 0.00000032
trial0005643, AA, 883.5, 12, 73.62, 1.58, 0.00000866, 0.00000245, ZIC, 244.5, 8, 30.56, 0.62, 0.00000627, 0.00000034
trial0005644, AA, 1323.5, 12, 110.29, 3.08, 0.00000831, 0.00000252, ZIC, 414.5, 8, 51.81, 1.25, 0.00000642, 0.00000032
trial0005645, AA, 695.5, 12, 57.96, 1.42, 0.00000818, 0.00000233, ZIC, 417.25, 8, 52.16, 1.50, 0.00000570, 0.00000031
trial0005646, AA, 491.0, 12, 40.92, 1.25, 0.00000857, 0.00000244, ZIC, 400.5, 8, 50.06, 1.12, 0.00000651, 0.00000032
trial0005647, AA, 1172.5, 12, 97.71, 2.42, 0.00000880, 0.00000237, ZIC, 449.5, 8, 56.19, 1.38, 0.00000626, 0.00000031
trial0005648, AA, 1315.5, 12, 109.62, 2.75, 0.00000845, 0.00000270, ZIC, 286.5, 8, 35.81, 0.75, 0.00000639, 0.00000030
trial0005649, AA, 794.0, 12, 66.17, 1.50, 0.00000893, 0.00000253, ZIC, 195.5, 8, 24.44, 0.62, 0.00000653, 0.00000031
trial0005650, AA, 600.75, 12, 50.06, 1.33, 0.00000879, 0.00000241, ZIC, 320.0, 8, 40.00, 1.12, 0.00000608, 0.00000030
trial0005651, AA, 1191.0, 12, 99.25, 2.75, 0.00000812, 0.00000229, ZIC, 405.0, 8, 50.62, 1.50, 0.00000609, 0.00000030
trial0005652, AA, 1274.75, 12, 106.23, 2.75, 0.00000831, 0.00000239, ZIC, 276.5, 8, 34.56, 0.88, 0.00000608, 0.00000032
trial0005653, AA, 1439.5, 12, 119.96, 3.33, 0.00000896, 0.00000252, ZIC, 385.5, 8, 48.19, 1.12, 0.00000615, 0.00000031
trial0005654, AA, 998.5, 12, 83.21, 2.17, 0.00000892, 0.00000274, ZIC, 259.5, 8, 32.44, 1.38, 0.00000599, 0.00000029
trial0005655, AA, 859.0, 12, 71.58, 1.83, 0.00000923, 0.00000240, ZIC, 200.0, 8, 25.00, 0.62, 0.00000602, 0.00000033
trial0005656, AA, 1051.0, 12, 87.58, 2.25, 0.00000915, 0.00000245, ZIC, 189.5, 8, 23.69, 0.88, 0.00000633, 0.00000035
trial0005657, AA, 1068.5, 12, 89.04, 2.08, 0.00000898, 0.00000253, ZIC, 403.5, 8, 50.44, 1.50, 0.00000626, 0.00000033
trial0005658, AA, 597.5, 12, 49.79, 1.33, 0.00000895, 0.00000251, ZIC, 123.5, 8, 15.44, 0.50, 0.00000651, 0.00000034
trial0005659, AA, 437.5, 12, 36.46, 0.83, 0.00000874, 0.00000226, ZIC, 90.75, 8, 11.34, 0.50, 0.00000629, 0.00000033
trial0005660, AA, 844.75, 12, 70.40, 1.58, 0.00000947, 0.00000228, ZIC, 195.0, 8, 24.38, 0.62, 0.00000677, 0.00000031
trial0005661, AA, 1421.0, 12, 118.42, 3.33, 0.00000870, 0.00000281, ZIC, 518.5, 8, 64.81, 1.50, 0.00000640, 0.00000032
trial0005662, AA, 1049.5, 12, 87.46, 2.08, 0.00000927, 0.00000263, ZIC, 195.0, 8, 24.38, 0.62, 0.00000670, 0.00000034
trial0005663, AA, 1346.5, 12, 112.21, 2.83, 0.00000976, 0.00000262, ZIC, 261.5, 8, 32.69, 0.50, 0.00000712, 0.00000032
trial0005664, AA, 1152.0, 12, 96.00, 3.25, 0.00000991, 0.00000308, ZIC, 342.5, 8, 42.81, 0.88, 0.00000714, 0.00000035
trial0005665, AA, 1154.5, 12, 96.21, 2.50, 0.00000934, 0.00000271, ZIC, 265.0, 8, 33.12, 0.88, 0.00000693, 0.00000032
trial0005666, AA, 849.0, 12, 70.75, 1.67, 0.00000946, 0.00000238, ZIC, 302.5, 8, 37.81, 1.00, 0.00000695, 0.00000035
trial0005667, AA, 1093.25, 12, 91.10, 2.42, 0.00000950, 0.00000272, ZIC, 190.0, 8, 23.75, 0.38, 0.00000707, 0.00000033
trial0005668, AA, 706.25, 12, 58.85, 1.75, 0.00000870, 0.00000227, ZIC, 285.75, 8, 35.72, 1.12, 0.00000662, 0.00000033
trial0005669, AA, 323.0, 12, 26.92, 0.67, 0.00000892, 0.00000217, ZIC, 160.5, 8, 20.06, 0.62, 0.00000629, 0.00000032
trial0005670, AA, 1222.5, 12, 101.88, 2.67, 0.00000948, 0.00000264, ZIC, 230.5, 8, 28.81, 1.00, 0.00000613, 0.00000028
trial0005671, AA, 1412.25, 12, 117.69, 2.75, 0.00000910, 0.00000273, ZIC, 439.75, 8, 54.97, 1.50, 0.00000675, 0.00000036
trial0005672, AA, 1284.25, 12, 107.02, 2.33, 0.00000858, 0.00000244, ZIC, 217.0, 8, 27.12, 1.00, 0.00000636, 0.00000035
trial0005673, AA, 1078.25, 12, 89.85, 2.33, 0.00000943, 0.00000272, ZIC, 319.0, 8, 39.88, 1.12, 0.00000670, 0.00000033
trial0005674, AA, 1263.5, 12, 105.29, 2.42, 0.00000914, 0.00000256, ZIC, 641.5, 8, 80.19, 1.62, 0.00000630, 0.00000032
trial0005675, AA, 760.25, 12, 63.35, 1.50, 0.00000905, 0.00000253, ZIC, 204.5, 8, 25.56, 0.88, 0.00000695, 0.00000031
trial0005676, AA, 708.75, 12, 59.06, 2.00, 0.00001251, 0.00000254, ZIC, 171.5, 8, 21.44, 0.62, 0.00000710, 0.00000033
trial0005677, AA, 958.5, 12, 79.88, 2.08, 0.00001047, 0.00000364, ZIC, 354.0, 8, 44.25, 1.12, 0.00000760, 0.00000036
trial0005678, AA, 919.0, 12, 76.58, 2.33, 0.00000982, 0.00000280, ZIC, 191.25, 8, 23.91, 0.75, 0.00000714, 0.00000034
trial0005679, AA, 333.0, 12, 27.75, 0.50, 0.00000885, 0.00000206, ZIC, 157.5, 8, 19.69, 0.75, 0.00000693, 0.00000031
trial0005680, AA, 998.0, 12, 83.17, 2.17, 0.00000909, 0.00000244, ZIC, 197.25, 8, 24.66, 0.75, 0.00000628, 0.00000030
trial0005681, AA, 1557.0, 12, 129.75, 2.92, 0.00000881, 0.00000248, ZIC, 168.5, 8, 21.06, 0.75, 0.00000669, 0.00000030
trial0005682, AA, 928.0, 12, 77.33, 2.00, 0.00000865, 0.00000236, ZIC, 323.0, 8, 40.38, 0.88, 0.00000615, 0.00000032
trial0005683, AA, 872.0, 12, 72.67, 1.92, 0.00000842, 0.00000248, ZIC, 159.0, 8, 19.88, 0.62, 0.00000649, 0.00000031
trial0005684, AA, 1046.0, 12, 87.17, 2.17, 0.00000903, 0.00000248, ZIC, 389.5, 8, 48.69, 1.12, 0.00000606, 0.00000031
trial0005685, AA, 643.0, 12, 53.58, 1.83, 0.00000884, 0.00000229, ZIC, 309.0, 8, 38.62, 0.88, 0.00000594, 0.00000028
trial0005686, AA, 1181.75, 12, 98.48, 2.75, 0.00000863, 0.00000254, ZIC, 382.0, 8, 47.75, 0.88, 0.00000657, 0.00000032
trial0005687, AA, 1074.0, 12, 89.50, 2.25, 0.00000834, 0.00000247, ZIC, 214.5, 8, 26.81, 0.75, 0.00000606, 0.00000029
trial0005688, AA, 1172.0, 12, 97.67, 2.92, 0.00000860, 0.00000263, ZIC, 181.25, 8, 22.66, 0.50, 0.00000643, 0.00000034
trial0005689, AA, 871.25, 12, 72.60, 2.08, 0.00000917, 0.00000263, ZIC, 155.25, 8, 19.41, 0.62, 0.00000635, 0.00000031
trial0005690, AA, 583.5, 12, 48.62, 1.50, 0.00001041, 0.00000256, ZIC, 372.5, 8, 46.56, 1.12, 0.00000705, 0.00000033
trial0005691, AA, 663.5, 12, 55.29, 1.42, 0.00000951, 0.00000246, ZIC, 283.0, 8, 35.38, 1.00, 0.00000726, 0.00000032
trial0005692, AA, 1015.0, 12, 84.58, 2.42, 0.00000868, 0.00000245, ZIC, 447.5, 8, 55.94, 1.00, 0.00000630, 0.00000030
trial0005693, AA, 767.0, 12, 63.92, 1.50, 0.00000861, 0.00000227, ZIC, 150.5, 8, 18.81, 0.50, 0.00000627, 0.00000031
trial0005694, AA, 1124.5, 12, 93.71, 2.33, 0.00000881, 0.00000236, ZIC, 287.75, 8, 35.97, 1.00, 0.00000649, 0.00000032
trial0005695, AA, 770.5, 12, 64.21, 2.00, 0.00000849, 0.00000256, ZIC, 244.5, 8, 30.56, 0.75, 0.00000609, 0.00000032
trial0005696, AA, 816.75, 12, 68.06, 2.00, 0.00000890, 0.00000239, ZIC, 180.0, 8, 22.50, 1.00, 0.00000658, 0.00000032
trial0005697, AA, 1207.5, 12, 100.62, 2.58, 0.00000884, 0.00000238, ZIC, 116.0, 8, 14.50, 0.38, 0.00000610, 0.00000032
trial0005698, AA, 1449.0, 12, 120.75, 3.33, 0.00000880, 0.00000231, ZIC, 164.0, 8, 20.50, 0.38, 0.00000650, 0.00000030
trial0005699, AA, 692.5, 12, 57.71, 1.67, 0.00000950, 0.00000237, ZIC, 274.0, 8, 34.25, 0.75, 0.00000681, 0.00000032
trial0005700, AA, 772.25, 12, 64.35, 1.58, 0.00000919, 0.00000262, ZIC, 176.5, 8, 22.06, 0.62, 0.00000652, 0.00000030
trial0005701, AA, 1115.0, 12, 92.92, 2.58, 0.00000883, 0.00000271, ZIC, 365.25, 8, 45.66, 1.12, 0.00000648, 0.00000033
trial0005702, AA, 584.75, 12, 48.73, 1.75, 0.00000931, 0.00000239, ZIC, 194.5, 8, 24.31, 0.75, 0.00000660, 0.00000033
trial0005703, AA, 459.5, 12, 38.29, 1.25, 0.00000939, 0.00000239, ZIC, 86.5, 8, 10.81, 0.38, 0.00000628, 0.00000033
trial0005704, AA, 908.0, 12, 75.67, 2.33, 0.00000836, 0.00000278, ZIC, 267.5, 8, 33.44, 1.12, 0.00000634, 0.00000031
trial0005705, AA, 699.5, 12, 58.29, 1.75, 0.00000835, 0.00000229, ZIC, 234.5, 8, 29.31, 0.75, 0.00000630, 0.00000030
trial0005706, AA, 933.0, 12, 77.75, 2.75, 0.00000857, 0.00000270, ZIC, 77.5, 8, 9.69, 0.38, 0.00000597, 0.00000029
trial0005707, AA, 432.5, 12, 36.04, 1.00, 0.00000900, 0.00000249, ZIC, 108.5, 8, 13.56, 0.62, 0.00000619, 0.00000031
trial0005708, AA, 1154.5, 12, 96.21, 3.25, 0.00000843, 0.00000228, ZIC, 55.25, 8, 6.91, 0.50, 0.00000650, 0.00000032
trial0005709, AA, 1269.0, 12, 105.75, 2.92, 0.00000908, 0.00000244, ZIC, 340.0, 8, 42.50, 1.50, 0.00000612, 0.00000030
trial0005710, AA, 318.75, 12, 26.56, 0.92, 0.00000840, 0.00000201, ZIC, 110.5, 8, 13.81, 0.50, 0.00000595, 0.00000033
trial0005711, AA, 681.0, 12, 56.75, 2.00, 0.00000843, 0.00000222, ZIC, 167.0, 8, 20.88, 0.62, 0.00000588, 0.00000030
trial0005712, AA, 460.0, 12, 38.33, 1.42, 0.00000903, 0.00000254, ZIC, 49.5, 8, 6.19, 0.12, 0.00000635, 0.00000032
trial0005713, AA, 852.5, 12, 71.04, 2.17, 0.00000847, 0.00000230, ZIC, 249.5, 8, 31.19, 0.88, 0.00000619, 0.00000031
trial0005714, AA, 637.5, 12, 53.12, 1.92, 0.00000815, 0.00000218, ZIC, 119.5, 8, 14.94, 0.50, 0.00000602, 0.00000029
trial0005715, AA, 718.5, 12, 59.88, 1.33, 0.00001078, 0.00000283, ZIC, 171.0, 8, 21.38, 1.00, 0.00000703, 0.00000031
trial0005716, AA, 891.0, 12, 74.25, 2.17, 0.00000940, 0.00000247, ZIC, 298.0, 8, 37.25, 1.12, 0.00000694, 0.00000033
trial0005717, AA, 1061.5, 12, 88.46, 2.25, 0.00000969, 0.00000246, ZIC, 127.0, 8, 15.88, 0.50, 0.00000717, 0.00000033
trial0005718, AA, 950.0, 12, 79.17, 2.92, 0.00000972, 0.00000249, ZIC, 120.0, 8, 15.00, 0.38, 0.00000665, 0.00000032
trial0005719, AA, 1104.5, 12, 92.04, 3.25, 0.00000896, 0.00000260, ZIC, 159.5, 8, 19.94, 0.75, 0.00000666, 0.00000032
trial0005720, AA, 652.25, 12, 54.35, 1.75, 0.00001002, 0.00000255, ZIC, 173.0, 8, 21.62, 1.00, 0.00000653, 0.00000030
trial0005721, AA, 931.0, 12, 77.58, 2.25, 0.00000874, 0.00000254, ZIC, 190.5, 8, 23.81, 0.75, 0.00000629, 0.00000033
trial0005722, AA, 990.5, 12, 82.54, 2.75, 0.00000889, 0.00000240, ZIC, 202.5, 8, 25.31, 1.00, 0.00000671, 0.00000033
trial0005723, AA, 991.0, 12, 82.58, 2.58, 0.00000944, 0.00000237, ZIC, 180.5, 8, 22.56, 0.88, 0.00000657, 0.00000029
trial0005724, AA, 968.0, 12, 80.67, 2.33, 0.00000989, 0.00000278, ZIC, 198.25, 8, 24.78, 0.62, 0.00000664, 0.00000033
trial0005725, AA, 571.5, 12, 47.62, 1.58, 0.00001006, 0.00000234, ZIC, 174.5, 8, 21.81, 0.75, 0.00000673, 0.00000030
trial0005726, AA, 1098.5, 12, 91.54, 2.50, 0.00000969, 0.00000267, ZIC, 123.0, 8, 15.38, 0.88, 0.00000702, 0.00000030
trial0005727, AA, 1010.0, 12, 84.17, 2.33, 0.00001053, 0.00000300, ZIC, 161.5, 8, 20.19, 0.62, 0.00000681, 0.00000031
trial0005728, AA, 612.5, 12, 51.04, 1.33, 0.00000995, 0.00000254, ZIC, 210.0, 8, 26.25, 0.75, 0.00000692, 0.00000036
trial0005729, AA, 754.75, 12, 62.90, 2.33, 0.00000829, 0.00000230, ZIC, 224.5, 8, 28.06, 1.00, 0.00000592, 0.00000026
trial0005730, AA, 900.0, 12, 75.00, 2.08, 0.00000898, 0.00000237, ZIC, 142.25, 8, 17.78, 0.75, 0.00000641, 0.00000030
trial0005731, AA, 506.0, 12, 42.17, 1.67, 0.00000954, 0.00000236, ZIC, 77.5, 8, 9.69, 0.50, 0.00000686, 0.00000036
trial0005732, AA, 803.75, 12, 66.98, 2.17, 0.00000963, 0.00000229, ZIC, 115.25, 8, 14.41, 0.62, 0.00000679, 0.00000032
trial0005733, AA, 842.25, 12, 70.19, 2.33, 0.00000911, 0.00000247, ZIC, 255.0, 8, 31.88, 0.75, 0.00000678, 0.00000033
trial0005734, AA, 867.0, 12, 72.25, 2.08, 0.00000912, 0.00000251, ZIC, 258.5, 8, 32.31, 0.88, 0.00000675, 0.00000031
trial0005735, AA, 125.5, 12, 10.46, 0.25, 0.00000872, 0.00000208, ZIC, 77.0, 8, 9.62, 0.50, 0.00000653, 0.00000032
trial0005736, AA, 956.5, 12, 79.71, 2.33, 0.00000950, 0.00000229, ZIC, 76.0, 8, 9.50, 0.50, 0.00000658, 0.00000033
trial0005737, AA, 660.0, 12, 55.00, 2.17, 0.00000908, 0.00000220, ZIC, 254.5, 8, 31.81, 1.00, 0.00000643, 0.00000032
trial0005738, AA, 688.5, 12, 57.38, 1.75, 0.00000990, 0.00000238, ZIC, 211.0, 8, 26.38, 1.00, 0.00000649, 0.00000034
trial0005739, AA, 846.5, 12, 70.54, 2.42, 0.00000896, 0.00000250, ZIC, 105.0, 8, 13.12, 0.50, 0.00000640, 0.00000035
trial0005740, AA, 1020.5, 12, 85.04, 2.50, 0.00000905, 0.00000276, ZIC, 226.5, 8, 28.31, 0.88, 0.00000628, 0.00000029
trial0005741, AA, 741.25, 12, 61.77, 2.00, 0.00000954, 0.00000239, ZIC, 49.5, 8, 6.19, 0.12, 0.00000657, 0.00000029
trial0005742, AA, 903.5, 12, 75.29, 2.75, 0.00000965, 0.00000250, ZIC, 393.0, 8, 49.12, 1.25, 0.00000714, 0.00000031
trial0005743, AA, 894.5, 12, 74.54, 2.25, 0.00000982, 0.00000271, ZIC, 244.0, 8, 30.50, 0.75, 0.00000679, 0.00000037
trial0005744, AA, 1260.0, 12, 105.00, 3.33, 0.00000844, 0.00000240, ZIC, 241.0, 8, 30.12, 0.88, 0.00000631, 0.00000028
trial0005745, AA, 451.0, 12, 37.58, 1.42, 0.00000842, 0.00000223, ZIC, 166.0, 8, 20.75, 0.62, 0.00000641, 0.00000030
trial0005746, AA, 774.75, 12, 64.56, 2.58, 0.00000857, 0.00000222, ZIC, 177.5, 8, 22.19, 0.88, 0.00000633, 0.00000031
trial0005747, AA, 555.5, 12, 46.29, 1.67, 0.00000918, 0.00000248, ZIC, 374.0, 8, 46.75, 1.00, 0.00000693, 0.00000030
trial0005748, AA, 602.0, 12, 50.17, 1.25, 0.00001073, 0.00000276, ZIC, 279.0, 8, 34.88, 1.25, 0.00000752, 0.00000036
trial0005749, AA, 763.75, 12, 63.65, 2.00, 0.00000897, 0.00000265, ZIC, 206.0, 8, 25.75, 0.62, 0.00000645, 0.00000030
trial0005750, AA, 649.5, 12, 54.12, 1.92, 0.00000924, 0.00000248, ZIC, 77.5, 8, 9.69, 0.38, 0.00000624, 0.00000030
trial0005751, AA, 658.5, 12, 54.88, 2.08, 0.00000901, 0.00000222, ZIC, 64.0, 8, 8.00, 0.25, 0.00000660, 0.00000033
trial0005752, AA, 751.5, 12, 62.62, 2.00, 0.00000871, 0.00000246, ZIC, 156.5, 8, 19.56, 0.38, 0.00000656, 0.00000034
trial0005753, AA, 831.75, 12, 69.31, 2.83, 0.00000874, 0.00000234, ZIC, 107.5, 8, 13.44, 0.25, 0.00000661, 0.00000034
trial0005754, AA, 643.75, 12, 53.65, 1.92, 0.00000957, 0.00000255, ZIC, 162.75, 8, 20.34, 0.62, 0.00000752, 0.00000038
trial0005755, AA, 437.0, 12, 36.42, 1.33, 0.00001010, 0.00000292, ZIC, 299.75, 8, 37.47, 1.00, 0.00000992, 0.00000046
trial0005756, AA, 924.0, 12, 77.00, 2.75, 0.00000875, 0.00000251, ZIC, 168.0, 8, 21.00, 0.62, 0.00000643, 0.00000033
trial0005757, AA, 1023.0, 12, 85.25, 2.58, 0.00000899, 0.00000246, ZIC, 217.0, 8, 27.12, 0.62, 0.00000705, 0.00000034
trial0005758, AA, 869.5, 12, 72.46, 2.75, 0.00000911, 0.00000270, ZIC, 331.0, 8, 41.38, 1.00, 0.00000685, 0.00000038
trial0005759, AA, 1159.5, 12, 96.62, 2.75, 0.00000924, 0.00000237, ZIC, 138.5, 8, 17.31, 0.62, 0.00000660, 0.00000032
trial0005760, AA, 765.25, 12, 63.77, 1.83, 0.00001021, 0.00000271, ZIC, 165.5, 8, 20.69, 0.75, 0.00000739, 0.00000037
trial0005761, AA, 813.5, 12, 67.79, 1.83, 0.00000957, 0.00000245, ZIC, 54.0, 8, 6.75, 0.38, 0.00000736, 0.00000036
trial0005762, AA, 525.5, 12, 43.79, 1.50, 0.00000920, 0.00000239, ZIC, 190.0, 8, 23.75, 0.62, 0.00000699, 0.00000034
trial0005763, AA, 651.0, 12, 54.25, 2.00, 0.00000897, 0.00000243, ZIC, 73.0, 8, 9.12, 0.38, 0.00000681, 0.00000032
trial0005764, AA, 1066.0, 12, 88.83, 2.17, 0.00000905, 0.00000231, ZIC, 170.5, 8, 21.31, 0.75, 0.00000620, 0.00000030
trial0005765, AA, 934.5, 12, 77.88, 2.50, 0.00000844, 0.00000280, ZIC, 303.0, 8, 37.88, 1.25, 0.00000637, 0.00000035
trial0005766, AA, 412.0, 12, 34.33, 1.08, 0.00000911, 0.00000243, ZIC, 186.5, 8, 23.31, 0.88, 0.00000636, 0.00000032
trial0005767, AA, 964.25, 12, 80.35, 2.25, 0.00000861, 0.00000245, ZIC, 306.75, 8, 38.34, 0.88, 0.00000621, 0.00000031
trial0005768, AA, 795.0, 12, 66.25, 2.25, 0.00000850, 0.00000262, ZIC, 280.5, 8, 35.06, 1.00, 0.00000642, 0.00000033
trial0005769, AA, 670.5, 12, 55.88, 2.42, 0.00000846, 0.00000235, ZIC, 183.0, 8, 22.88, 0.75, 0.00000600, 0.00000033
trial0005770, AA, 790.5, 12, 65.88, 2.42, 0.00000803, 0.00000254, ZIC, 181.0, 8, 22.62, 0.88, 0.00000601, 0.00000028
trial0005771, AA, 655.0, 12, 54.58, 1.25, 0.00000876, 0.00000215, ZIC, 47.5, 8, 5.94, 0.25, 0.00000611, 0.00000030
trial0005772, AA, 394.0, 12, 32.83, 1.33, 0.00000812, 0.00000233, ZIC, 279.5, 8, 34.94, 1.12, 0.00000617, 0.00000029
trial0005773, AA, 747.25, 12, 62.27, 2.00, 0.00000856, 0.00000238, ZIC, 102.5, 8, 12.81, 0.50, 0.00000622, 0.00000032
trial0005774, AA, 839.0, 12, 69.92, 1.92, 0.00000914, 0.00000220, ZIC, 166.0, 8, 20.75, 0.50, 0.00000635, 0.00000034
trial0005775, AA, 710.5, 12, 59.21, 1.58, 0.00000875, 0.00000257, ZIC, 62.0, 8, 7.75, 0.38, 0.00000640, 0.00000031
trial0005776, AA, 709.0, 12, 59.08, 1.58, 0.00000932, 0.00000237, ZIC, 51.0, 8, 6.38, 0.38, 0.00000675, 0.00000037
trial0005777, AA, 941.25, 12, 78.44, 2.42, 0.00000945, 0.00000270, ZIC, 209.0, 8, 26.12, 0.62, 0.00000706, 0.00000034
trial0005778, AA, 726.0, 12, 60.50, 1.75, 0.00000928, 0.00000250, ZIC, 231.5, 8, 28.94, 0.88, 0.00000658, 0.00000031
trial0005779, AA, 891.25, 12, 74.27, 2.75, 0.00000896, 0.00000251, ZIC, 296.75, 8, 37.09, 1.12, 0.00000662, 0.00000031
trial0005780, AA, 862.0, 12, 71.83, 2.58, 0.00000993, 0.00000240, ZIC, 135.0, 8, 16.88, 0.50, 0.00000722, 0.00000034
trial0005781, AA, 403.0, 12, 33.58, 0.83, 0.00001196, 0.00000384, ZIC, 233.5, 8, 29.19, 0.88, 0.00000867, 0.00000046
trial0005782, AA, 1140.5, 12, 95.04, 3.08, 0.00001072, 0.00000280, ZIC, 342.5, 8, 42.81, 1.12, 0.00000746, 0.00000034
trial0005783, AA, 761.0, 12, 63.42, 2.42, 0.00000967, 0.00000235, ZIC, 265.0, 8, 33.12, 1.00, 0.00000678, 0.00000032
trial0005784, AA, 506.5, 12, 42.21, 1.50, 0.00000923, 0.00000233, ZIC, 26.5, 8, 3.31, 0.50, 0.00000696, 0.00000032
trial0005785, AA, 1051.0, 12, 87.58, 2.50, 0.00000899, 0.00000267, ZIC, 140.5, 8, 17.56, 0.75, 0.00000646, 0.00000031
trial0005786, AA, 806.5, 12, 67.21, 2.00, 0.00000932, 0.00000243, ZIC, 104.0, 8, 13.00, 0.38, 0.00000638, 0.00000030
trial0005787, AA, 859.0, 12, 71.58, 2.25, 0.00000966, 0.00000242, ZIC, 258.0, 8, 32.25, 1.00, 0.00000656, 0.00000033
trial0005788, AA, 1158.5, 12, 96.54, 3.00, 0.00000902, 0.00000259, ZIC, 254.0, 8, 31.75, 0.88, 0.00000659, 0.00000033
trial0005789, AA, 807.0, 12, 67.25, 2.33, 0.00000891, 0.00000282, ZIC, 225.5, 8, 28.19, 0.88, 0.00000682, 0.00000034
trial0005790, AA, 820.25, 12, 68.35, 1.67, 0.00000962, 0.00000262, ZIC, 148.5, 8, 18.56, 0.50, 0.00000716, 0.00000033
trial0005791, AA, 810.0, 12, 67.50, 2.00, 0.00001043, 0.00000324, ZIC, 229.0, 8, 28.62, 0.75, 0.00000811, 0.00000034
trial0005792, AA, 986.0, 12, 82.17, 2.42, 0.00001010, 0.00000263, ZIC, 259.75, 8, 32.47, 1.00, 0.00000725, 0.00000031
trial0005793, AA, 658.5, 12, 54.88, 1.50, 0.00000864, 0.00000235, ZIC, 319.0, 8, 39.88, 1.12, 0.00000650, 0.00000031
trial0005794, AA, 665.5, 12, 55.46, 1.92, 0.00000920, 0.00000241, ZIC, 66.5, 8, 8.31, 0.38, 0.00000674, 0.00000033
trial0005795, AA, 889.5, 12, 74.12, 2.50, 0.00000950, 0.00000284, ZIC, 184.5, 8, 23.06, 0.62, 0.00000722, 0.00000035
trial0005796, AA, 663.5, 12, 55.29, 1.83, 0.00000913, 0.00000251, ZIC, 249.0, 8, 31.12, 1.00, 0.00000636, 0.00000032
trial0005797, AA, 873.0, 12, 72.75, 2.42, 0.00000943, 0.00000227, ZIC, 224.75, 8, 28.09, 0.75, 0.00000671, 0.00000031
trial0005798, AA, 546.0, 12, 45.50, 1.42, 0.00000844, 0.00000229, ZIC, 138.5, 8, 17.31, 0.62, 0.00000626, 0.00000030
trial0005799, AA, 691.5, 12, 57.62, 2.25, 0.00000863, 0.00000248, ZIC, 301.5, 8, 37.69, 1.25, 0.00000629, 0.00000032
trial0005800, AA, 845.5, 12, 70.46, 2.33, 0.00000893, 0.00000203, ZIC, 53.5, 8, 6.69, 0.25, 0.00000635, 0.00000029
trial0005801, AA, 219.0, 12, 18.25, 1.33, 0.00000892, 0.00000224, ZIC, 46.5, 8, 5.81, 0.38, 0.00000655, 0.00000030
trial0005802, AA, 397.5, 12, 33.12, 2.08, 0.00000945, 0.00000240, ZIC, 78.5, 8, 9.81, 0.62, 0.00000654, 0.00000029
trial0005803, AA, 326.0, 12, 27.17, 1.58, 0.00000907, 0.00000238, ZIC, 28.0, 8, 3.50, 0.38, 0.00000638, 0.00000032
trial0005804, AA, 406.5, 12, 33.88, 2.17, 0.00000890, 0.00000238, ZIC, 18.0, 8, 2.25, 0.12, 0.00000627, 0.00000030
trial0005805, AA, 250.5, 12, 20.88, 1.58, 0.00000931, 0.00000257, ZIC, 34.5, 8, 4.31, 0.62, 0.00000649, 0.00000030
trial0005806, AA, 419.5, 12, 34.96, 2.25, 0.00000955, 0.00000277, ZIC, 73.25, 8, 9.16, 0.62, 0.00000684, 0.00000036
trial0005807, AA, 189.5, 12, 15.79, 1.00, 0.00000925, 0.00000230, ZIC, 17.0, 8, 2.12, 0.12, 0.00000687, 0.00000033
trial0005808, AA, 211.0, 12, 17.58, 1.17, 0.00000894, 0.00000212, ZIC, 0.0, 8, 0.00, 0.00, 0.00000638, 0.00000032
trial0005809, AA, 194.0, 12, 16.17, 1.25, 0.00000856, 0.00000227, ZIC, 46.5, 8, 5.81, 0.50, 0.00000631, 0.00000031
trial0005810, AA, 305.5, 12, 25.46, 2.08, 0.00000883, 0.00000247, ZIC, 48.5, 8, 6.06, 0.50, 0.00000655, 0.00000034
trial0005811, AA, 530.0, 12, 44.17, 2.75, 0.00000936, 0.00000260, ZIC, 95.5, 8, 11.94, 0.75, 0.00000748, 0.00000039
trial0005812, AA, 186.0, 12, 15.50, 1.08, 0.00000885, 0.00000219, ZIC, 25.5, 8, 3.19, 0.38, 0.00000689, 0.00000033
trial0005813, AA, 268.5, 12, 22.38, 1.67, 0.00000930, 0.00000260, ZIC, 6.5, 8, 0.81, 0.12, 0.00000679, 0.00000033
trial0005814, AA, 349.5, 12, 29.12, 2.00, 0.00000845, 0.00000260, ZIC, 67.5, 8, 8.44, 0.50, 0.00000646, 0.00000033
trial0005815, AA, 437.5, 12, 36.46, 1.92, 0.00000868, 0.00000260, ZIC, 75.5, 8, 9.44, 0.62, 0.00000645, 0.00000032
trial0005816, AA, 517.5, 12, 43.12, 2.83, 0.00000900, 0.00000251, ZIC, 10.5, 8, 1.31, 0.12, 0.00000658, 0.00000030
trial0005817, AA, 395.0, 12, 32.92, 1.83, 0.00000897, 0.00000249, ZIC, 39.0, 8, 4.88, 0.25, 0.00000647, 0.00000033
trial0005818, AA, 62.75, 12, 5.23, 0.58, 0.00000906, 0.00000216, ZIC, 33.0, 8, 4.12, 0.38, 0.00000659, 0.00000034
trial0005819, AA, 128.5, 12, 10.71, 0.75, 0.00000905, 0.00000222, ZIC, 57.5, 8, 7.19, 0.38, 0.00000652, 0.00000033
trial0005820, AA, 321.75, 12, 26.81, 2.17, 0.00000903, 0.00000250, ZIC, 63.25, 8, 7.91, 0.62, 0.00000661, 0.00000034
trial0005821, AA, 453.5, 12, 37.79, 3.00, 0.00000866, 0.00000262, ZIC, 58.5, 8, 7.31, 0.50, 0.00000659, 0.00000032
trial0005822, AA, 173.0, 12, 14.42, 1.00, 0.00000953, 0.00000247, ZIC, 48.0, 8, 6.00, 0.38, 0.00000694, 0.00000033
trial0005823, AA, 353.0, 12, 29.42, 2.08, 0.00000927, 0.00000270, ZIC, 11.5, 8, 1.44, 0.12, 0.00000679, 0.00000032
trial0005824, AA, 265.5, 12, 22.12, 1.83, 0.00000909, 0.00000228, ZIC, 38.0, 8, 4.75, 0.25, 0.00000678, 0.00000035
trial0005825, AA, 406.5, 12, 33.88, 1.92, 0.00000916, 0.00000235, ZIC, 0.0, 8, 0.00, 0.00, 0.00000699, 0.00000036
trial0005826, AA, 338.0, 12, 28.17, 1.75, 0.00000923, 0.00000245, ZIC, 59.75, 8, 7.47, 0.25, 0.00000656, 0.00000030
trial0005827, AA, 114.0, 12, 9.50, 0.58, 0.00000943, 0.00000220, ZIC, 19.0, 8, 2.38, 0.12, 0.00000671, 0.00000032
trial0005828, AA, 330.0, 12, 27.50, 2.25, 0.00001002, 0.00000267, ZIC, 32.0, 8, 4.00, 0.38, 0.00000756, 0.00000032
trial0005829, AA, 222.5, 12, 18.54, 1.17, 0.00000869, 0.00000216, ZIC, 71.5, 8, 8.94, 0.38, 0.00000629, 0.00000032
trial0005830, AA, 286.0, 12, 23.83, 1.67, 0.00000936, 0.00000243, ZIC, 30.5, 8, 3.81, 0.38, 0.00000696, 0.00000030
trial0005831, AA, 325.0, 12, 27.08, 1.50, 0.00000927, 0.00000227, ZIC, 60.0, 8, 7.50, 0.38, 0.00000669, 0.00000034
trial0005832, AA, 235.75, 12, 19.65, 1.42, 0.00001015, 0.00000243, ZIC, 31.5, 8, 3.94, 0.12, 0.00000680, 0.00000032
trial0005833, AA, 286.5, 12, 23.88, 1.50, 0.00000897, 0.00000215, ZIC, 23.0, 8, 2.88, 0.12, 0.00000670, 0.00000032
trial0005834, AA, 241.5, 12, 20.12, 1.17, 0.00000912, 0.00000224, ZIC, 0.0, 8, 0.00, 0.00, 0.00000648, 0.00000033
trial0005835, AA, 247.5, 12, 20.62, 1.00, 0.00000909, 0.00000212, ZIC, 41.5, 8, 5.19, 0.62, 0.00000657, 0.00000029
trial0005836, AA, 318.75, 12, 26.56, 1.75, 0.00001096, 0.00000362, ZIC, 100.5, 8, 12.56, 0.50, 0.00000787, 0.00000037
trial0005837, AA, 219.5, 12, 18.29, 1.42, 0.00000962, 0.00000245, ZIC, 74.5, 8, 9.31, 0.38, 0.00000746, 0.00000036
trial0005838, AA, 300.75, 12, 25.06, 1.92, 0.00000883, 0.00000241, ZIC, 13.0, 8, 1.62, 0.25, 0.00000696, 0.00000034
trial0005839, AA, 417.25, 12, 34.77, 2.42, 0.00000960, 0.00000231, ZIC, 33.5, 8, 4.19, 0.38, 0.00000719, 0.00000035
trial0005840, AA, 45.5, 12, 3.79, 0.33, 0.00001131, 0.00000522, ZIC, 49.0, 8, 6.12, 0.50, 0.00000849, 0.00000040
trial0005841, AA, 327.0, 12, 27.25, 2.25, 0.00001112, 0.00000343, ZIC, 101.5, 8, 12.69, 0.62, 0.00000753, 0.00000036
trial0005842, AA, 192.5, 12, 16.04, 0.92, 0.00000900, 0.00000210, ZIC, 24.0, 8, 3.00, 0.12, 0.00000692, 0.00000033
trial0005843, AA, 536.25, 12, 44.69, 2.83, 0.00000930, 0.00000276, ZIC, 92.5, 8, 11.56, 0.75, 0.00000757, 0.00000035
trial0005844, AA, 302.0, 12, 25.17, 2.08, 0.00000917, 0.00000230, ZIC, 53.5, 8, 6.69, 0.50, 0.00000650, 0.00000032
trial0005845, AA, 522.25, 12, 43.52, 3.00, 0.00000921, 0.00000251, ZIC, 66.5, 8, 8.31, 0.50, 0.00000640, 0.00000032
trial0005846, AA, 391.25, 12, 32.60, 2.50, 0.00000931, 0.00000251, ZIC, 45.25, 8, 5.66, 0.38, 0.00000715, 0.00000035
trial0005847, AA, 193.0, 12, 16.08, 1.25, 0.00000918, 0.00000222, ZIC, 58.0, 8, 7.25, 0.50, 0.00000688, 0.00000031
trial0005848, AA, 196.5, 12, 16.38, 1.25, 0.00000868, 0.00000223, ZIC, 13.0, 8, 1.62, 0.12, 0.00000621, 0.00000031
trial0005849, AA, 251.5, 12, 20.96, 1.25, 0.00000915, 0.00000231, ZIC, 41.5, 8, 5.19, 0.38, 0.00000643, 0.00000031
trial0005850, AA, 427.0, 12, 35.58, 2.08, 0.00000873, 0.00000236, ZIC, 37.5, 8, 4.69, 0.25, 0.00000646, 0.00000031
trial0005851, AA, 487.5, 12, 40.62, 2.92, 0.00000863, 0.00000255, ZIC, 78.5, 8, 9.81, 0.50, 0.00000628, 0.00000031
trial0005852, AA, 12.0, 12, 1.00, 0.08, 0.00000949, 0.00000230, ZIC, 44.5, 8, 5.56, 0.62, 0.00000682, 0.00000033
trial0005853, AA, 296.25, 12, 24.69, 1.42, 0.00000960, 0.00000251, ZIC, 12.5, 8, 1.56, 0.25, 0.00000716, 0.00000037
trial0005854, AA, 350.0, 12, 29.17, 1.92, 0.00000870, 0.00000224, ZIC, 85.0, 8, 10.62, 0.62, 0.00000654, 0.00000032
trial0005855, AA, 221.5, 12, 18.46, 1.17, 0.00000896, 0.00000231, ZIC, 8.75, 8, 1.09, 0.25, 0.00000645, 0.00000034
trial0005856, AA, 552.5, 12, 46.04, 2.83, 0.00000894, 0.00000248, ZIC, 53.5, 8, 6.69, 0.50, 0.00000665, 0.00000032
trial0005857, AA, 422.25, 12, 35.19, 2.25, 0.00000891, 0.00000242, ZIC, 14.5, 8, 1.81, 0.25, 0.00000642, 0.00000029
trial0005858, AA, 422.0, 12, 35.17, 2.75, 0.00000952, 0.00000256, ZIC, 47.0, 8, 5.88, 0.50, 0.00000671, 0.00000032
trial0005859, AA, 531.25, 12, 44.27, 2.67, 0.00000916, 0.00000291, ZIC, 85.25, 8, 10.66, 0.62, 0.00000707, 0.00000035
trial0005860, AA, 249.0, 12, 20.75, 1.83, 0.00000990, 0.00000251, ZIC, 18.5, 8, 2.31, 0.38, 0.00000917, 0.00000033
trial0005861, AA, 310.0, 12, 25.83, 1.67, 0.00000878, 0.00000244, ZIC, 0.0, 8, 0.00, 0.00, 0.00000616, 0.00000033
trial0005862, AA, 438.0, 12, 36.50, 2.58, 0.00000932, 0.00000243, ZIC, 70.5, 8, 8.81, 0.75, 0.00000671, 0.00000035
trial0005863, AA, 380.0, 12, 31.67, 2.08, 0.00000894, 0.00000215, ZIC, 17.0, 8, 2.12, 0.25, 0.00000640, 0.00000032
trial0005864, AA, 146.0, 12, 12.17, 0.83, 0.00000903, 0.00000230, ZIC, 59.5, 8, 7.44, 0.38, 0.00000667, 0.00000030
trial0005865, AA, 384.0, 12, 32.00, 2.33, 0.00000917, 0.00000241, ZIC, 31.25, 8, 3.91, 0.38, 0.00000664, 0.00000032
trial0005866, AA, 289.0, 12, 24.08, 1.67, 0.00000907, 0.00000237, ZIC, 38.5, 8, 4.81, 0.25, 0.00000807, 0.00000033
trial0005867, AA, 78.0, 12, 6.50, 0.33, 0.00000932, 0.00000215, ZIC, 19.0, 8, 2.38, 0.12, 0.00000644, 0.00000032
trial0005868, AA, 178.25, 12, 14.85, 1.17, 0.00000841, 0.00000211, ZIC, 26.5, 8, 3.31, 0.25, 0.00000643, 0.00000032
trial0005869, AA, 232.5, 12, 19.38, 1.67, 0.00000810, 0.00000219, ZIC, 53.25, 8, 6.66, 0.38, 0.00000564, 0.00000029
trial0005870, AA, 23.0, 12, 1.92, 0.17, 0.00000850, 0.00000210, ZIC, 20.5, 8, 2.56, 0.25, 0.00000625, 0.00000031
trial0005871, AA, 319.5, 12, 26.62, 1.50, 0.00000891, 0.00000232, ZIC, 91.0, 8, 11.38, 0.75, 0.00000672, 0.00000034
trial0005872, AA, 377.0, 12, 31.42, 2.08, 0.00000909, 0.00000227, ZIC, 49.5, 8, 6.19, 0.25, 0.00000646, 0.00000032
trial0005873, AA, 391.0, 12, 32.58, 2.08, 0.00000894, 0.00000234, ZIC, 84.5, 8, 10.56, 1.00, 0.00000643, 0.00000032
trial0005874, AA, 297.5, 12, 24.79, 1.58, 0.00000929, 0.00000241, ZIC, 87.0, 8, 10.88, 0.62, 0.00000662, 0.00000030
trial0005875, AA, 364.0, 12, 30.33, 1.92, 0.00000910, 0.00000246, ZIC, 91.0, 8, 11.38, 0.50, 0.00000654, 0.00000033
trial0005876, AA, 343.0, 12, 28.58, 1.83, 0.00000883, 0.00000239, ZIC, 52.0, 8, 6.50, 0.62, 0.00000661, 0.00000033
trial0005877, AA, 70.75, 12, 5.90, 0.42, 0.00000907, 0.00000226, ZIC, 62.0, 8, 7.75, 0.62, 0.00000633, 0.00000031
trial0005878, AA, 503.5, 12, 41.96, 2.67, 0.00000914, 0.00000264, ZIC, 35.5, 8, 4.44, 0.50, 0.00000647, 0.00000031
trial0005879, AA, 502.0, 12, 41.83, 2.92, 0.00000875, 0.00000252, ZIC, 92.0, 8, 11.50, 0.75, 0.00000645, 0.00000032
trial0005880, AA, 327.0, 12, 27.25, 1.75, 0.00000946, 0.00000244, ZIC, 24.0, 8, 3.00, 0.12, 0.00000644, 0.00000032
trial0005881, AA, 322.75, 12, 26.90, 2.33, 0.00000869, 0.00000256, ZIC, 27.5, 8, 3.44, 0.25, 0.00000678, 0.00000034
trial0005882, AA, 138.0, 12, 11.50, 1.08, 0.00000891, 0.00000250, ZIC, 56.0, 8, 7.00, 0.38, 0.00000650, 0.00000032
trial0005883, AA, 130.75, 12, 10.90, 0.42, 0.00000924, 0.00000211, ZIC, 46.0, 8, 5.75, 0.38, 0.00000700, 0.00000036
trial0005884, AA, 22.5, 12, 1.88, 0.17, 0.00000887, 0.00000213, ZIC, 12.5, 8, 1.56, 0.12, 0.00000661, 0.00000031
trial0005885, AA, 551.5, 12, 45.96, 3.25, 0.00000872, 0.00000256, ZIC, 47.5, 8, 5.94, 0.75, 0.00000655, 0.00000034
trial0005886, AA, 84.0, 12, 7.00, 0.25, 0.00000942, 0.00000220, ZIC, 27.0, 8, 3.38, 0.12, 0.00000668, 0.00000031
trial0005887, AA, 383.0, 12, 31.92, 2.17, 0.00000921, 0.00000232, ZIC, 14.5, 8, 1.81, 0.12, 0.00000662, 0.00000030
trial0005888, AA, 380.0, 12, 31.67, 2.08, 0.00000929, 0.00000238, ZIC, 105.5, 8, 13.19, 0.75, 0.00000704, 0.00000031
trial0005889, AA, 430.0, 12, 35.83, 2.33, 0.00000870, 0.00000229, ZIC, 120.0, 8, 15.00, 0.62, 0.00000634, 0.00000029
trial0005890, AA, 312.0, 12, 26.00, 1.75, 0.00000879, 0.00000225, ZIC, 81.5, 8, 10.19, 0.62, 0.00000670, 0.00000031
trial0005891, AA, 339.0, 12, 28.25, 1.83, 0.00000865, 0.00000223, ZIC, 135.0, 8, 16.88, 0.75, 0.00000627, 0.00000031
trial0005892, AA, 371.0, 12, 30.92, 2.00, 0.00000918, 0.00000227, ZIC, 69.0, 8, 8.62, 0.50, 0.00000662, 0.00000032
trial0005893, AA, 289.5, 12, 24.12, 1.83, 0.00000976, 0.00000276, ZIC, 42.5, 8, 5.31, 0.50, 0.00000691, 0.00000032
trial0005894, AA, 458.5, 12, 38.21, 2.83, 0.00001074, 0.00000275, ZIC, 42.0, 8, 5.25, 0.25, 0.00000724, 0.00000034
trial0005895, AA, 456.5, 12, 38.04, 2.50, 0.00000997, 0.00000261, ZIC, 47.0, 8, 5.88, 0.62, 0.00000774, 0.00000036
trial0005896, AA, 178.5, 12, 14.88, 1.08, 0.00001024, 0.00000268, ZIC, 53.5, 8, 6.69, 0.50, 0.00000728, 0.00000036
trial0005897, AA, 55.0, 12, 4.58, 0.25, 0.00000915, 0.00000215, ZIC, 11.0, 8, 1.38, 0.12, 0.00000670, 0.00000031
trial0005898, AA, 543.25, 12, 45.27, 2.83, 0.00001001, 0.00000252, ZIC, 0.0, 8, 0.00, 0.00, 0.00000661, 0.00000031
trial0005899, AA, 478.5, 12, 39.88, 2.50, 0.00000873, 0.00000263, ZIC, 78.0, 8, 9.75, 0.62, 0.00000676, 0.00000028
trial0005900, AA, 157.0, 12, 13.08, 0.67, 0.00000831, 0.00000214, ZIC, 15.5, 8, 1.94, 0.25, 0.00000636, 0.00000032
trial0005901, AA, 810.5, 12, 67.54, 1.75, 0.00000912, 0.00000241, ZIC, 166.5, 8, 20.81, 0.50, 0.00000697, 0.00000037
trial0005902, AA, 863.0, 12, 71.92, 1.75, 0.00000926, 0.00000220, ZIC, 171.5, 8, 21.44, 0.75, 0.00000664, 0.00000031
trial0005903, AA, 992.0, 12, 82.67, 2.83, 0.00000887, 0.00000247, ZIC, 0.0, 8, 0.00, 0.00, 0.00000620, 0.00000029
trial0005904, AA, 547.5, 12, 45.62, 1.08, 0.00000940, 0.00000233, ZIC, 136.0, 8, 17.00, 0.62, 0.00000664, 0.00000033
trial0005905, AA, 968.0, 12, 80.67, 2.50, 0.00000897, 0.00000247, ZIC, 194.5, 8, 24.31, 0.62, 0.00000629, 0.00000031
trial0005906, AA, 926.5, 12, 77.21, 2.08, 0.00000907, 0.00000259, ZIC, 235.0, 8, 29.38, 0.62, 0.00000640, 0.00000033
trial0005907, AA, 1064.0, 12, 88.67, 2.83, 0.00000879, 0.00000222, ZIC, 195.5, 8, 24.44, 0.62, 0.00000642, 0.00000032
trial0005908, AA, 664.0, 12, 55.33, 1.67, 0.00000888, 0.00000243, ZIC, 81.25, 8, 10.16, 0.38, 0.00000651, 0.00000032
trial0005909, AA, 890.0, 12, 74.17, 2.25, 0.00000928, 0.00000235, ZIC, 91.5, 8, 11.44, 0.50, 0.00000666, 0.00000032
trial0005910, AA, 594.0, 12, 49.50, 1.50, 0.00000915, 0.00000233, ZIC, 412.5, 8, 51.56, 1.25, 0.00000692, 0.00000033
trial0005911, AA, 1156.0, 12, 96.33, 2.58, 0.00000876, 0.00000248, ZIC, 235.5, 8, 29.44, 0.62, 0.00000634, 0.00000034
trial0005912, AA, 1506.0, 12, 125.50, 3.42, 0.00001031, 0.00000342, ZIC, 248.0, 8, 31.00, 1.00, 0.00000781, 0.00000052
trial0005913, AA, 1218.0, 12, 101.50, 3.17, 0.00001086, 0.00000295, ZIC, 167.5, 8, 20.94, 0.50, 0.00000819, 0.00000039
trial0005914, AA, 258.5, 12, 21.54, 0.75, 0.00000939, 0.00000238, ZIC, 136.0, 8, 17.00, 0.62, 0.00000715, 0.00000034
trial0005915, AA, 883.0, 12, 73.58, 2.08, 0.00000907, 0.00000231, ZIC, 138.5, 8, 17.31, 0.50, 0.00000660, 0.00000030
trial0005916, AA, 1441.25, 12, 120.10, 3.58, 0.00000848, 0.00000281, ZIC, 528.5, 8, 66.06, 1.50, 0.00000604, 0.00000031
trial0005917, AA, 840.5, 12, 70.04, 1.92, 0.00000875, 0.00000245, ZIC, 266.5, 8, 33.31, 0.88, 0.00000602, 0.00000029
trial0005918, AA, 936.0, 12, 78.00, 2.33, 0.00000879, 0.00000258, ZIC, 360.0, 8, 45.00, 0.88, 0.00000664, 0.00000030
trial0005919, AA, 823.0, 12, 68.58, 2.17, 0.00000855, 0.00000226, ZIC, 245.0, 8, 30.62, 1.12, 0.00000641, 0.00000033
trial0005920, AA, 982.25, 12, 81.85, 2.25, 0.00000866, 0.00000218, ZIC, 190.5, 8, 23.81, 0.62, 0.00000622, 0.00000029
trial0005921, AA, 642.0, 12, 53.50, 1.67, 0.00000837, 0.00000254, ZIC, 209.0, 8, 26.12, 0.62, 0.00000624, 0.00000031
trial0005922, AA, 1076.0, 12, 89.67, 2.08, 0.00000809, 0.00000249, ZIC, 546.25, 8, 68.28, 1.62, 0.00000598, 0.00000029
trial0005923, AA, 832.0, 12, 69.33, 1.67, 0.00000825, 0.00000230, ZIC, 479.0, 8, 59.88, 1.25, 0.00000608, 0.00000030
trial0005924, AA, 1001.5, 12, 83.46, 2.25, 0.00000921, 0.00000268, ZIC, 318.0, 8, 39.75, 1.25, 0.00000670, 0.00000033
trial0005925, AA, 993.0, 12, 82.75, 2.58, 0.00000840, 0.00000251, ZIC, 426.0, 8, 53.25, 1.12, 0.00000670, 0.00000033
trial0005926, AA, 1282.5, 12, 106.88, 2.58, 0.00000910, 0.00000253, ZIC, 308.0, 8, 38.50, 0.88, 0.00000625, 0.00000031
trial0005927, AA, 1358.5, 12, 113.21, 3.42, 0.00000917, 0.00000290, ZIC, 310.0, 8, 38.75, 0.88, 0.00000687, 0.00000034
trial0005928, AA, 571.0, 12, 47.58, 1.25, 0.00000960, 0.00000249, ZIC, 271.0, 8, 33.88, 0.88, 0.00000639, 0.00000033
trial0005929, AA, 913.0, 12, 76.08, 2.00, 0.00000958, 0.00000244, ZIC, 110.0, 8, 13.75, 0.50, 0.00000665, 0.00000033
trial0005930, AA, 911.0, 12, 75.92, 2.08, 0.00000954, 0.00000246, ZIC, 301.5, 8, 37.69, 1.00, 0.00000698, 0.00000030
trial0005931, AA, 638.0, 12, 53.17, 1.67, 0.00000921, 0.00000218, ZIC, 287.0, 8, 35.88, 0.88, 0.00000664, 0.00000034
trial0005932, AA, 1610.0, 12, 134.17, 3.33, 0.00000887, 0.00000259, ZIC, 214.0, 8, 26.75, 0.75, 0.00000671, 0.00000034
trial0005933, AA, 711.0, 12, 59.25, 1.92, 0.00000892, 0.00000268, ZIC, 159.0, 8, 19.88, 0.62, 0.00000681, 0.00000031
trial0005934, AA, 924.0, 12, 77.00, 2.08, 0.00000913, 0.00000259, ZIC, 308.0, 8, 38.50, 0.88, 0.00000669, 0.00000032
trial0005935, AA, 1059.75, 12, 88.31, 2.92, 0.00000915, 0.00000228, ZIC, 297.0, 8, 37.12, 1.00, 0.00000638, 0.00000028
trial0005936, AA, 1075.25, 12, 89.60, 2.75, 0.00000941, 0.00000279, ZIC, 344.75, 8, 43.09, 1.12, 0.00000671, 0.00000033
trial0005937, AA, 1187.25, 12, 98.94, 3.00, 0.00000902, 0.00000271, ZIC, 395.25, 8, 49.41, 1.62, 0.00000718, 0.00000031
trial0005938, AA, 1296.0, 12, 108.00, 2.92, 0.00000912, 0.00000262, ZIC, 249.25, 8, 31.16, 0.88, 0.00000681, 0.00000031
trial0005939, AA, 853.5, 12, 71.12, 2.08, 0.00001108, 0.00000314, ZIC, 496.5, 8, 62.06, 1.12, 0.00000827, 0.00000034
trial0005940, AA, 796.25, 12, 66.35, 1.42, 0.00001026, 0.00000262, ZIC, 146.5, 8, 18.31, 0.38, 0.00000740, 0.00000037
trial0005941, AA, 418.0, 12, 34.83, 1.08, 0.00001176, 0.00000295, ZIC, 133.0, 8, 16.62, 0.75, 0.00000839, 0.00000039
trial0005942, AA, 721.5, 12, 60.12, 1.67, 0.00001038, 0.00000337, ZIC, 347.25, 8, 43.41, 1.00, 0.00000781, 0.00000036
trial0005943, AA, 1108.5, 12, 92.38, 2.42, 0.00001021, 0.00000314, ZIC, 120.0, 8, 15.00, 0.50, 0.00000735, 0.00000035
trial0005944, AA, 684.0, 12, 57.00, 1.75, 0.00001026, 0.00000282, ZIC, 68.5, 8, 8.56, 0.25, 0.00000762, 0.00000035
trial0005945, AA, 601.75, 12, 50.15, 1.83, 0.00001048, 0.00000283, ZIC, 373.75, 8, 46.72, 1.00, 0.00000754, 0.00000033
trial0005946, AA, 1089.0, 12, 90.75, 2.42, 0.00001092, 0.00000272, ZIC, 233.5, 8, 29.19, 0.75, 0.00000784, 0.00000035
trial0005947, AA, 950.5, 12, 79.21, 2.08, 0.00001018, 0.00000263, ZIC, 151.5, 8, 18.94, 0.75, 0.00000736, 0.00000033
trial0005948, AA, 669.75, 12, 55.81, 1.75, 0.00000951, 0.00000245, ZIC, 342.75, 8, 42.84, 1.25, 0.00000682, 0.00000029
trial0005949, AA, 1046.75, 12, 87.23, 2.42, 0.00000910, 0.00000255, ZIC, 217.0, 8, 27.12, 0.62, 0.00000656, 0.00000032
trial0005950, AA, 1167.0, 12, 97.25, 2.58, 0.00000928, 0.00000278, ZIC, 310.0, 8, 38.75, 1.12, 0.00000742, 0.00000034
trial0005951, AA, 1245.0, 12, 103.75, 2.33, 0.00001127, 0.00000321, ZIC, 312.0, 8, 39.00, 1.12, 0.00000776, 0.00000037
trial0005952, AA, 1248.25, 12, 104.02, 2.92, 0.00001023, 0.00000298, ZIC, 413.75, 8, 51.72, 1.12, 0.00000740, 0.00000036
trial0005953, AA, 607.5, 12, 50.62, 1.33, 0.00001049, 0.00000278, ZIC, 255.5, 8, 31.94, 0.75, 0.00000764, 0.00000036
trial0005954, AA, 1128.0, 12, 94.00, 2.25, 0.00000979, 0.00000252, ZIC, 246.0, 8, 30.75, 1.00, 0.00000669, 0.00000035
trial0005955, AA, 528.0, 12, 44.00, 1.17, 0.00000978, 0.00000248, ZIC, 36.5, 8, 4.56, 0.25, 0.00000682, 0.00000031
trial0005956, AA, 443.0, 12, 36.92, 1.33, 0.00001000, 0.00000253, ZIC, 176.5, 8, 22.06, 0.75, 0.00000729, 0.00000034
trial0005957, AA, 874.5, 12, 72.88, 1.67, 0.00000923, 0.00000248, ZIC, 189.5, 8, 23.69, 0.62, 0.00000635, 0.00000029
trial0005958, AA, 993.0, 12, 82.75, 2.00, 0.00000876, 0.00000257, ZIC, 313.5, 8, 39.19, 0.88, 0.00000670, 0.00000032
trial0005959, AA, 1732.5, 12, 144.38, 4.08, 0.00000926, 0.00000262, ZIC, 188.5, 8, 23.56, 0.62, 0.00000653, 0.00000032
trial0005960, AA, 523.0, 12, 43.58, 1.08, 0.00000912, 0.00000252, ZIC, 564.0, 8, 70.50, 1.50, 0.00000685, 0.00000034
trial0005961, AA, 905.0, 12, 75.42, 2.08, 0.00000851, 0.00000249, ZIC, 210.0, 8, 26.25, 1.00, 0.00000652, 0.00000031
trial0005962, AA, 522.0, 12, 43.50, 1.42, 0.00000866, 0.00000219, ZIC, 315.0, 8, 39.38, 1.25, 0.00000668, 0.00000031
trial0005963, AA, 884.0, 12, 73.67, 2.33, 0.00000912, 0.00000276, ZIC, 389.25, 8, 48.66, 1.25, 0.00000669, 0.00000033
trial0005964, AA, 841.0, 12, 70.08, 1.50, 0.00000878, 0.00000236, ZIC, 170.0, 8, 21.25, 0.75, 0.00000592, 0.00000030
trial0005965, AA, 443.25, 12, 36.94, 1.00, 0.00000983, 0.00000251, ZIC, 279.5, 8, 34.94, 0.88, 0.00000653, 0.00000030
trial0005966, AA, 949.5, 12, 79.12, 1.83, 0.00000984, 0.00000247, ZIC, 366.0, 8, 45.75, 1.00, 0.00000733, 0.00000035
trial0005967, AA, 959.25, 12, 79.94, 2.25, 0.00000854, 0.00000267, ZIC, 255.0, 8, 31.88, 0.75, 0.00000664, 0.00000032
trial0005968, AA, 1834.5, 12, 152.88, 3.83, 0.00000984, 0.00000279, ZIC, 360.0, 8, 45.00, 0.88, 0.00000730, 0.00000036
trial0005969, AA, 605.5, 12, 50.46, 1.83, 0.00000998, 0.00000269, ZIC, 65.5, 8, 8.19, 0.38, 0.00000750, 0.00000036
trial0005970, AA, 1061.5, 12, 88.46, 2.42, 0.00001057, 0.00000280, ZIC, 353.25, 8, 44.16, 1.25, 0.00000713, 0.00000035
trial0005971, AA, 1207.0, 12, 100.58, 2.50, 0.00000877, 0.00000244, ZIC, 625.5, 8, 78.19, 1.62, 0.00000643, 0.00000030
trial0005972, AA, 1280.5, 12, 106.71, 3.25, 0.00000929, 0.00000252, ZIC, 249.75, 8, 31.22, 1.00, 0.00000652, 0.00000031
trial0005973, AA, 1153.0, 12, 96.08, 2.92, 0.00000831, 0.00000281, ZIC, 201.75, 8, 25.22, 0.75, 0.00000631, 0.00000032
trial0005974, AA, 390.0, 12, 32.50, 1.00, 0.00000930, 0.00000227, ZIC, 143.0, 8, 17.88, 0.62, 0.00000693, 0.00000034
trial0005975, AA, 956.0, 12, 79.67, 2.08, 0.00000859, 0.00000226, ZIC, 244.5, 8, 30.56, 1.12, 0.00000597, 0.00000028
trial0005976, AA, 653.0, 12, 54.42, 1.42, 0.00000828, 0.00000226, ZIC, 73.0, 8, 9.12, 0.25, 0.00000625, 0.00000027
trial0005977, AA, 808.25, 12, 67.35, 1.92, 0.00000846, 0.00000238, ZIC, 274.0, 8, 34.25, 0.88, 0.00000608, 0.00000028
trial0005978, AA, 1036.0, 12, 86.33, 2.75, 0.00000895, 0.00000219, ZIC, 191.5, 8, 23.94, 0.62, 0.00000615, 0.00000032
trial0005979, AA, 718.0, 12, 59.83, 1.67, 0.00000857, 0.00000246, ZIC, 354.5, 8, 44.31, 1.12, 0.00000635, 0.00000029
trial0005980, AA, 945.0, 12, 78.75, 2.50, 0.00000867, 0.00000251, ZIC, 271.5, 8, 33.94, 1.25, 0.00000627, 0.00000032
trial0005981, AA, 990.5, 12, 82.54, 2.08, 0.00000848, 0.00000248, ZIC, 141.5, 8, 17.69, 0.38, 0.00000653, 0.00000033
trial0005982, AA, 1415.75, 12, 117.98, 2.83, 0.00000866, 0.00000265, ZIC, 236.5, 8, 29.56, 0.88, 0.00000637, 0.00000032
trial0005983, AA, 1354.5, 12, 112.88, 2.75, 0.00000870, 0.00000258, ZIC, 233.75, 8, 29.22, 0.88, 0.00000610, 0.00000031
trial0005984, AA, 1181.75, 12, 98.48, 2.67, 0.00000960, 0.00000264, ZIC, 195.0, 8, 24.38, 0.75, 0.00000644, 0.00000031
trial0005985, AA, 998.0, 12, 83.17, 1.75, 0.00000929, 0.00000249, ZIC, 264.0, 8, 33.00, 1.00, 0.00000671, 0.00000031
trial0005986, AA, 968.0, 12, 80.67, 2.50, 0.00000876, 0.00000224, ZIC, 149.0, 8, 18.62, 0.62, 0.00000651, 0.00000036
trial0005987, AA, 719.5, 12, 59.96, 1.83, 0.00000849, 0.00000244, ZIC, 244.0, 8, 30.50, 0.88, 0.00000644, 0.00000033
trial0005988, AA, 1269.25, 12, 105.77, 2.92, 0.00000903, 0.00000236, ZIC, 75.25, 8, 9.41, 0.50, 0.00000644, 0.00000032
trial0005989, AA, 982.0, 12, 81.83, 2.33, 0.00000873, 0.00000259, ZIC, 287.0, 8, 35.88, 1.00, 0.00000614, 0.00000032
trial0005990, AA, 1505.75, 12, 125.48, 3.17, 0.00001015, 0.00000243, ZIC, 105.5, 8, 13.19, 0.38, 0.00000692, 0.00000032
trial0005991, AA, 1129.0, 12, 94.08, 2.50, 0.00001042, 0.00000297, ZIC, 157.0, 8, 19.62, 0.50, 0.00000789, 0.00000035
trial0005992, AA, 1259.5, 12, 104.96, 2.92, 0.00000854, 0.00000287, ZIC, 222.0, 8, 27.75, 0.75, 0.00000662, 0.00000033
trial0005993, AA, 750.5, 12, 62.54, 1.83, 0.00001010, 0.00000240, ZIC, 125.0, 8, 15.62, 0.50, 0.00000705, 0.00000033
trial0005994, AA, 1929.5, 12, 160.79, 4.50, 0.00001089, 0.00000280, ZIC, 307.0, 8, 38.38, 0.88, 0.00000771, 0.00000035
trial0005995, AA, 1068.0, 12, 89.00, 2.25, 0.00000950, 0.00000245, ZIC, 159.0, 8, 19.88, 0.62, 0.00000660, 0.00000033
trial0005996, AA, 1484.0, 12, 123.67, 3.67, 0.00000900, 0.00000228, ZIC, 245.5, 8, 30.69, 0.88, 0.00000669, 0.00000034
trial0005997, AA, 1121.0, 12, 93.42, 2.67, 0.00000904, 0.00000263, ZIC, 254.0, 8, 31.75, 1.00, 0.00000663, 0.00000031
trial0005998, AA, 733.5, 12, 61.12, 1.50, 0.00000949, 0.00000275, ZIC, 115.5, 8, 14.44, 0.38, 0.00000693, 0.00000033
trial0005999, AA, 536.5, 12, 44.71, 1.67, 0.00001145, 0.00000273, ZIC, 156.25, 8, 19.53, 0.62, 0.00000836, 0.00000036
trial0006000, AA, 370.0, 12, 30.83, 0.75, 0.00001033, 0.00000264, ZIC, 77.0, 8, 9.62, 0.62, 0.00000722, 0.00000034
